T2WI+DWI-C
train_data
1 1 1 1 0 0 1 0 1 0 1 0 0 0 1 0 1 1 1 0 0 1 1 1 1 1 0 1 1 0 1 1 1 1 0 0 0 0 1 0 1 1 0 0 1 1 0 1 1 0 1 1 1 1 0 1 1 0 0 1 0 0 1 0 1 1 1 1 1 1 0 0 0 1 0 1 1 0 1 1 1 1 0 1 1 1 1 0 1 0 1 1 0 0 1 1 0 0 1 1 1 0 1 1 1 1 0 1 1 1 1 1 0 1 1 0 0 0 1 1 1 1 1 1 1 1 0 0 1 0 1 1 0 1 1 0 1 1 1 1
1 1 1 1 0 0 1 0 1 0 1 0 0 0 1 0 1 1 1 0 0 1 1 1 1 1 0 1 1 0 1 1 1 1 0 0 0 0 1 0 1 1 0 0 1 1 0 1 1 0 1 1 1 1 0 1 1 0 0 1 0 0 1 0 1 1 1 1 1 1 0 0 0 1 0 1 1 0 1 1 1 1 0 1 1 1 1 0 1 0 1 1 0 0 1 1 0 0 1 1 1 0 1 1 1 1 0 1 1 1 1 1 0 1 1 0 0 0 1 1 1 1 1 1 1 1 0 0 1 0 1 1 0 1 1 0 1 1 1 1
0.6005113 0.5681764 0.5922385 0.57822263 0.45795673 0.44760326 0.5759112 0.44591168 0.6024195 0.45365572 0.5867746 0.45234424 0.4703183 0.44531146 0.5869798 0.43127823 0.580112 0.57228816 0.57001185 0.43331024 0.45758203 0.5852249 0.5897309 0.5764532 0.5905663 0.5724597 0.44169757 0.5995801 0.59570247 0.44059694 0.5546642 0.5668339 0.5720761 0.59616864 0.45272663 0.45196524 0.45943427 0.4601367 0.5954715 0.43253732 0.56732184 0.6056487 0.45617026 0.43891832 0.5831037 0.5504119 0.44656983 0.5912784 0.56769085 0.45592818 0.5967658 0.59352297 0.5882006 0.5784142 0.45232448 0.5908228 0.59508336 0.45088747 0.4673964 0.59102976 0.47028536 0.45975134 0.5940006 0.43867812 0.56830263 0.59521943 0.56652284 0.58140373 0.5842215 0.60613644 0.44874734 0.4431056 0.43235916 0.5877685 0.46619087 0.57968616 0.55776125 0.47455436 0.58708423 0.5823927 0.59469426 0.6000034 0.44939756 0.59702474 0.5701021 0.59501386 0.589125 0.4768059 0.5806584 0.43516672 0.5737794 0.55014133 0.45625314 0.4573929 0.5815989 0.59902966 0.4479037 0.4575087 0.5679858 0.5949882 0.59890616 0.44598004 0.5663309 0.5979032 0.59167403 0.5837175 0.45591232 0.5965961 0.5855857 0.5521779 0.59303874 0.57935375 0.44904155 0.59248525 0.59398437 0.46508747 0.45597288 0.44509837 0.56797737 0.60508424 0.5575105 0.5877995 0.5764525 0.5783447 0.57826173 0.5677178 0.47506368 0.44554302 0.59466094 0.4394169 0.5914076 0.58357984 0.4454049 0.5956043 0.5858937 0.44689363 0.59166646 0.5959155 0.57784843 0.59313464
accuracy: 100.00%
precision: 100.00%
recall: 100.00%
F1: 100.00%
auc: 100.00%

test_data
1 1 1 0 0 1 1 1 1 0 1 0 1 1 0 1 1 1 0 1 1 1 1 1 0 1 1 1 1 1 1 0 1 1 0
0 0 1 0 1 1 1 1 1 1 0 1 1 1 1 1 1 1 1 1 1 1 1 1 0 1 1 1 1 1 1 0 1 1 0
0.48608348 0.48561552 0.58433497 0.45924965 0.56346256 0.5638615 0.5296873 0.5208354 0.54510397 0.5317127 0.49163264 0.5276793 0.56069016 0.51781976 0.5236909 0.54361093 0.582212 0.5500188 0.5363904 0.54201025 0.5644607 0.5744368 0.52012056 0.52989566 0.47001734 0.53116393 0.55739456 0.5413481 0.55414265 0.5612189 0.5344171 0.47988886 0.55585015 0.56477374 0.4884215
accuracy: 77.14%
precision: 82.14%
recall: 88.46%
F1: 85.19%
auc: 77.35%
########################################################################################################################
T2WI+ADC+DWI-M
train_data
1 1 1 1 0 0 1 0 1 0 1 0 0 0 1 0 1 1 1 0 0 1 1 1 1 1 0 1 1 0 1 1 1 1 0 0 0 0 1 0 1 1 0 0 1 1 0 1 1 0 1 1 1 1 0 1 1 0 0 1 0 0 1 0 1 1 1 1 1 1 0 0 0 1 0 1 1 0 1 1 1 1 0 1 1 1 1 0 1 0 1 1 0 0 1 1 0 0 1 1 1 0 1 1 1 1 0 1 1 1 1 1 0 1 1 0 0 0 1 1 1 1 1 1 1 1 0 0 1 0 1 1 0 1 1 0 1 1 1 1
1 1 1 1 0 0 1 0 1 0 1 0 0 0 1 0 1 1 1 0 0 1 1 1 1 1 0 1 1 0 1 1 1 1 0 0 0 0 1 0 1 1 0 0 1 1 0 1 1 0 1 1 1 1 0 1 1 0 0 1 0 0 1 0 1 1 1 1 1 1 0 0 0 1 0 1 1 0 1 1 1 1 0 1 1 1 1 0 1 0 1 1 0 0 1 1 0 0 1 1 1 0 1 1 1 1 0 1 1 1 1 1 0 1 1 0 0 0 1 1 1 1 1 1 1 1 0 0 1 0 1 1 0 1 1 0 1 1 1 1
0.59759504 0.5926265 0.58952355 0.5432668 0.43473434 0.42456317 0.59241676 0.4339982 0.5867932 0.43859968 0.5925001 0.4509431 0.4780307 0.41913155 0.58637077 0.43337512 0.5667247 0.5933909 0.5723569 0.43835187 0.43978995 0.5241205 0.5950182 0.59935224 0.58480924 0.6045394 0.41884777 0.59213847 0.5819118 0.43038025 0.5728222 0.5903362 0.57873935 0.6033826 0.44079152 0.45741835 0.44920072 0.4303852 0.57109904 0.4309691 0.5785977 0.59340984 0.462676 0.42958114 0.58611804 0.5762782 0.42470297 0.5970258 0.59142053 0.45696357 0.5757156 0.5816427 0.57519054 0.59427065 0.44227967 0.5803551 0.5592651 0.44272685 0.46341762 0.5769298 0.45470554 0.4515211 0.5663633 0.41568696 0.5772377 0.58662105 0.5964782 0.57114697 0.58598256 0.58633786 0.4500949 0.45429924 0.43239534 0.5938909 0.43234462 0.5772922 0.5930656 0.45463496 0.59039897 0.5819507 0.56265235 0.5763995 0.4313703 0.5913549 0.58769053 0.5963375 0.5988074 0.45261192 0.5741612 0.44350895 0.58869797 0.5956168 0.43806618 0.4502604 0.59800196 0.5917115 0.45437238 0.45044073 0.56983227 0.57707185 0.59175336 0.44889113 0.5745362 0.57734025 0.600442 0.57237864 0.46267956 0.5664364 0.6000027 0.5984405 0.5926509 0.5844267 0.46760452 0.5865963 0.5982762 0.44117558 0.45277324 0.4491435 0.59331936 0.60609996 0.5994614 0.5903836 0.60167134 0.5804157 0.58268803 0.58352053 0.46043074 0.4384057 0.60566074 0.45088193 0.5995366 0.5901876 0.4249694 0.5969629 0.57101816 0.45247686 0.60235274 0.5866388 0.5828027 0.599809
accuracy: 100.00%
precision: 100.00%
recall: 100.00%
F1: 100.00%
auc: 100.00%

test_data
1 1 1 0 0 1 1 1 1 0 1 0 1 1 0 1 1 1 0 1 1 1 1 1 0 1 1 1 1 1 1 0 1 1 0
1 1 1 0 0 1 1 1 1 0 0 1 1 1 1 1 1 1 1 1 0 1 1 1 0 1 1 1 1 1 0 1 0 1 0
0.5259158 0.51467025 0.5648034 0.4813203 0.49346495 0.54950196 0.5143284 0.5162479 0.54082215 0.45257148 0.49564943 0.51702064 0.5566464 0.5188626 0.50805146 0.56027406 0.57932603 0.5478376 0.5429312 0.52806437 0.49155614 0.5071751 0.51245236 0.5471225 0.4576804 0.5343936 0.5214044 0.5199735 0.54407144 0.5510123 0.45967948 0.5366036 0.48474213 0.5276939 0.49223563
accuracy: 77.14%
precision: 84.62%
recall: 84.62%
F1: 84.62%
auc: 76.92%
########################################################################################################################
T2WI+ADC+DWI-P
train_data
1 1 1 1 0 0 1 0 1 0 1 0 0 0 1 0 1 1 1 0 0 1 1 1 1 1 0 1 1 0 1 1 1 1 0 0 0 0 1 0 1 1 0 0 1 1 0 1 1 0 1 1 1 1 0 1 1 0 0 1 0 0 1 0 1 1 1 1 1 1 0 0 0 1 0 1 1 0 1 1 1 1 0 1 1 1 1 0 1 0 1 1 0 0 1 1 0 0 1 1 1 0 1 1 1 1 0 1 1 1 1 1 0 1 1 0 0 0 1 1 1 1 1 1 1 1 0 0 1 0 1 1 0 1 1 0 1 1 1 1
1 1 1 1 0 0 1 0 1 0 1 0 0 0 1 0 1 1 1 0 0 1 1 1 1 1 0 1 1 0 1 1 1 1 0 0 0 0 1 0 1 1 0 0 1 1 0 1 1 0 1 1 1 1 0 1 1 0 0 1 0 0 1 0 1 1 1 1 1 1 0 0 0 1 0 1 1 0 1 1 1 1 0 1 1 1 1 0 1 0 1 1 0 0 1 1 0 0 1 1 1 0 1 1 1 1 0 1 1 1 1 1 0 1 1 0 0 0 1 1 1 1 1 1 1 1 0 0 1 0 1 1 0 1 1 0 1 1 1 1
0.57097703 0.55371267 0.5993953 0.5932919 0.4528463 0.43400094 0.56626594 0.45190254 0.5968098 0.46326208 0.5946649 0.4862623 0.45046023 0.4354609 0.56163365 0.43176293 0.59051406 0.60779977 0.5825237 0.43982536 0.4591155 0.57383937 0.58181506 0.596201 0.60843927 0.5831692 0.4451452 0.5986344 0.5862395 0.43734342 0.5903483 0.58698606 0.5558549 0.5765815 0.4763785 0.4430356 0.44133183 0.45300183 0.5865336 0.43438187 0.5984251 0.5911636 0.43504676 0.43661603 0.5951151 0.58715343 0.4361865 0.5975224 0.5950767 0.43796352 0.59257734 0.6080597 0.573551 0.58978194 0.43381417 0.58342755 0.61148095 0.44484115 0.45791885 0.5851147 0.48027834 0.44178405 0.5764799 0.44757548 0.58926606 0.5984854 0.6002594 0.60926723 0.5766195 0.59607685 0.4506216 0.46101698 0.45941463 0.5840247 0.44645303 0.57143706 0.558213 0.46348634 0.57432044 0.59770525 0.6056148 0.57771695 0.4342064 0.5766607 0.5852108 0.5606154 0.59481907 0.44737133 0.55380285 0.44245133 0.5665643 0.5732268 0.4350723 0.44826123 0.6054664 0.5450202 0.4623093 0.4718635 0.5812827 0.5897698 0.57915723 0.4384556 0.5701308 0.5970855 0.5960417 0.59072757 0.45790416 0.59255666 0.6061779 0.5563452 0.59523624 0.6063107 0.4479498 0.6051654 0.61044323 0.4475369 0.4408084 0.44894618 0.59201795 0.6029233 0.5983004 0.60593504 0.60491455 0.6050541 0.5981112 0.5828424 0.43439108 0.43094498 0.58655894 0.4517738 0.60189885 0.5611396 0.43890908 0.5933672 0.5914478 0.46951708 0.59115463 0.60863155 0.5651121 0.58798367
accuracy: 100.00%
precision: 100.00%
recall: 100.00%
F1: 100.00%
auc: 100.00%

test_data
1 1 1 0 0 1 1 1 1 0 1 0 1 1 0 1 1 1 0 1 1 1 1 1 0 1 1 1 1 1 1 0 1 1 0
0 0 1 0 1 1 1 1 1 1 1 1 1 1 1 1 1 1 0 1 0 1 1 1 1 1 1 1 1 1 1 0 1 1 1
0.49538806 0.49188864 0.58219916 0.48156804 0.5424302 0.5333358 0.5850542 0.5402175 0.5834748 0.5172913 0.5427071 0.52798194 0.54676676 0.5827844 0.5223488 0.6015886 0.58448976 0.53292817 0.4772633 0.55118877 0.47557858 0.5700121 0.5813524 0.572098 0.5134146 0.5225574 0.5269732 0.55406004 0.5243544 0.5773876 0.51174337 0.47667128 0.55375147 0.55701464 0.50337064
accuracy: 74.29%
precision: 79.31%
recall: 88.46%
F1: 83.64%
auc: 85.04%
########################################################################################################################