T2WI-C
<train_data>
1 1 1 1 0 0 1 0 1 0 1 0 0 0 1 0 1 1 1 0 0 1 1 1 1 1 0 1 1 0 1 1 1 1 0 0 0 0 1 0 1 1 0 0 1 1 0 1 1 0 1 1 1 1 0 1 1 0 0 1 0 0 1 0 1 1 1 1 1 1 0 0 0 1 0 1 1 0 1 1 1 1 0 1 1 1 1 0 1 0 1 1 0 0 1 1 0 0 1 1 1 0 1 1 1 1 0 1 1 1 1 1 0 1 1 0 0 0 1 1 1 1 1 1 1 1 0 0 1 0 1 1 0 1 1 0 1 1 1 1
1 1 1 1 0 0 1 0 1 0 1 0 0 0 1 0 1 1 1 0 0 1 1 1 1 1 0 1 1 0 1 1 1 1 0 0 0 0 1 0 1 1 0 0 1 1 0 1 1 0 1 1 1 1 0 1 1 0 0 1 0 0 1 0 1 1 1 1 1 1 0 0 0 1 0 1 1 0 1 1 1 1 0 1 1 1 1 0 1 0 1 1 0 0 1 1 0 0 1 1 1 0 1 1 1 1 0 1 1 1 1 1 0 1 1 0 0 0 1 1 1 1 1 1 1 1 0 0 1 0 1 1 0 1 1 0 1 1 1 1
0.602314 0.574665 0.5869255 0.5636192 0.44390023 0.46485904 0.5891076 0.4498196 0.6030553 0.45959747 0.5795114 0.45964321 0.4766174 0.47145823 0.59737605 0.444284 0.60908914 0.56461865 0.577348 0.46440136 0.44775307 0.58594966 0.57669336 0.57211614 0.56433624 0.5855546 0.44137272 0.600754 0.60184807 0.4296647 0.51897335 0.5454572 0.56548524 0.5875031 0.42808542 0.45055413 0.46144953 0.45971796 0.57545286 0.4310402 0.5937035 0.5932127 0.47005427 0.4412708 0.57119215 0.5678196 0.45533583 0.5845919 0.57400185 0.42822415 0.59946734 0.5923839 0.60310584 0.5740062 0.44158128 0.5784568 0.61305344 0.48897663 0.4496944 0.5726606 0.43194017 0.47376874 0.5907626 0.47776487 0.59691775 0.5994556 0.5488925 0.5756972 0.56011546 0.6139787 0.4413154 0.45187005 0.43299398 0.58533436 0.4581213 0.56580526 0.5686274 0.47139564 0.58781606 0.5846959 0.6009344 0.61411285 0.44173464 0.59402037 0.55658287 0.60502756 0.6113926 0.4511803 0.59336615 0.43413872 0.57271475 0.5292326 0.4549538 0.47143516 0.58189285 0.60741395 0.46531367 0.4292118 0.56179786 0.6011186 0.5850204 0.4427409 0.583073 0.5864055 0.6076827 0.5758929 0.46954593 0.6027236 0.5902006 0.556177 0.60087645 0.5673481 0.4711925 0.5915968 0.5620326 0.46805745 0.45571944 0.4560909 0.56803215 0.59032315 0.58026373 0.58358574 0.58121073 0.583901 0.5761502 0.568448 0.4746405 0.45476273 0.60355115 0.4283137 0.5918937 0.5920994 0.44077492 0.59787446 0.54386616 0.43373677 0.5962457 0.60181725 0.576745 0.6029414
 accuracy: 100.00%
precision: 100.00%
   recall: 100.00%
       F1: 100.00%
      AUC: 100.00%

<test_data>
1 1 1 0 0 1 1 1 1 0 1 0 1 1 0 1 1 1 0 1 1 1 1 1 0 1 1 1 1 1 1 0 1 1 0
1 0 1 1 1 1 1 1 1 1 1 1 1 1 1 1 1 1 1 1 1 1 1 1 1 1 1 1 1 1 1 0 1 1 1
0.50509286 0.4786958 0.6006438 0.53002685 0.57550585 0.5133806 0.5267728 0.52040505 0.56275874 0.5355071 0.52316743 0.5703664 0.542987 0.5927795 0.50183314 0.56480044 0.60003626 0.5253154 0.52883863 0.5710239 0.5834023 0.5519423 0.5024352 0.54361844 0.55662733 0.53270745 0.5368315 0.5351773 0.57737845 0.5742412 0.51929176 0.498306 0.5655872 0.5789914 0.51302195
 accuracy: 74.29%
precision: 75.76%
   recall: 96.15%
       F1: 84.75%
      AUC: 62.82%
*----------------------------------------------------------------------------------------------------------
ADC-C
<train_data>
1 1 1 1 0 0 1 0 1 0 1 0 0 0 1 0 1 1 1 0 0 1 1 1 1 1 0 1 1 0 1 1 1 1 0 0 0 0 1 0 1 1 0 0 1 1 0 1 1 0 1 1 1 1 0 1 1 0 0 1 0 0 1 0 1 1 1 1 1 1 0 0 0 1 0 1 1 0 1 1 1 1 0 1 1 1 1 0 1 0 1 1 0 0 1 1 0 0 1 1 1 0 1 1 1 1 0 1 1 1 1 1 0 1 1 0 0 0 1 1 1 1 1 1 1 1 0 0 1 0 1 1 0 1 1 0 1 1 1 1
1 1 1 1 0 0 1 0 1 0 1 0 0 0 1 0 1 1 1 0 0 1 1 1 1 1 0 1 1 0 1 1 1 1 0 0 0 0 1 0 1 1 0 0 1 1 0 1 1 0 1 1 1 1 0 1 1 0 0 1 0 0 1 0 1 1 1 1 1 1 0 0 0 1 0 1 1 0 1 1 1 1 0 1 1 1 1 0 1 0 1 1 0 0 1 1 0 0 1 1 1 0 1 1 1 1 0 1 1 1 1 1 0 1 1 0 0 0 1 1 1 1 1 1 1 1 0 0 1 0 1 1 0 1 1 0 1 1 1 1
0.59529364 0.5666776 0.594183 0.5741668 0.46153393 0.40416515 0.59174496 0.4582124 0.60544634 0.4599296 0.58648115 0.4746506 0.48976558 0.46185085 0.5605465 0.4489194 0.60979295 0.558271 0.5438389 0.43699184 0.42355028 0.5720326 0.56307924 0.5735097 0.5894517 0.61061895 0.48469642 0.57617456 0.58828497 0.4175928 0.56730396 0.60180295 0.59612703 0.59338474 0.4216943 0.44757575 0.48541796 0.4661412 0.5994847 0.43816027 0.54954493 0.6122679 0.47841603 0.4367156 0.59251624 0.58476555 0.4403785 0.5901308 0.60726607 0.45198795 0.56340003 0.5898674 0.6000822 0.5776666 0.45263112 0.58836234 0.603319 0.41943845 0.4181005 0.5697597 0.41722596 0.4486398 0.59173 0.46166193 0.6060896 0.5795532 0.57666177 0.56373197 0.5812311 0.59382117 0.44768438 0.4383252 0.44323888 0.5949549 0.47535017 0.5657631 0.5754088 0.49957705 0.55659896 0.58390594 0.6024643 0.6013743 0.44817758 0.5752737 0.5803696 0.5902206 0.602994 0.4573349 0.586552 0.4193784 0.5822068 0.5755014 0.46786162 0.45209286 0.57346016 0.5839608 0.43817756 0.45219442 0.58052474 0.569082 0.5642515 0.44891533 0.60050124 0.5977924 0.57381576 0.5812926 0.47800216 0.58039796 0.5484716 0.5583718 0.5782968 0.5918221 0.48545426 0.5897382 0.56380516 0.45124507 0.46947345 0.46616876 0.56833154 0.59946626 0.56457126 0.5795166 0.6077231 0.56721044 0.5991924 0.5861406 0.4554986 0.42417693 0.5718483 0.43291178 0.5806534 0.5633574 0.47664246 0.5671326 0.5688179 0.44710922 0.58882415 0.5956687 0.57183826 0.585122
 accuracy: 100.00%
precision: 100.00%
   recall: 100.00%
       F1: 100.00%
      AUC: 100.00%

<test_data>
1 1 1 0 0 1 1 1 1 0 1 0 1 1 0 1 1 1 0 1 1 1 1 1 0 1 1 1 1 1 1 0 1 1 0
1 1 1 1 1 1 0 1 1 1 1 1 1 1 1 0 1 1 1 1 1 1 1 0 1 1 1 1 1 0 1 1 0 1 0
0.5366698 0.52497077 0.5875276 0.5617432 0.57400674 0.5820941 0.43162563 0.52046937 0.5763282 0.5805578 0.52177364 0.5057123 0.5554752 0.57406765 0.505396 0.47943878 0.53304166 0.5864014 0.54690546 0.5386871 0.52392316 0.56536174 0.55066603 0.4428239 0.5539479 0.5295785 0.5251137 0.5683547 0.55304086 0.4929357 0.5173697 0.5196874 0.4924861 0.5057916 0.4717369
 accuracy: 62.86%
precision: 72.41%
   recall: 80.77%
       F1: 76.36%
      AUC: 50.43%
*----------------------------------------------------------------------------------------------------------
DWI-C
<train_data>
1 1 1 1 0 0 1 0 1 0 1 0 0 0 1 0 1 1 1 0 0 1 1 1 1 1 0 1 1 0 1 1 1 1 0 0 0 0 1 0 1 1 0 0 1 1 0 1 1 0 1 1 1 1 0 1 1 0 0 1 0 0 1 0 1 1 1 1 1 1 0 0 0 1 0 1 1 0 1 1 1 1 0 1 1 1 1 0 1 0 1 1 0 0 1 1 0 0 1 1 1 0 1 1 1 1 0 1 1 1 1 1 0 1 1 0 0 0 1 1 1 1 1 1 1 1 0 0 1 0 1 1 0 1 1 0 1 1 1 1
1 1 1 1 0 0 1 0 1 0 1 0 0 0 1 0 1 1 1 0 0 1 1 1 1 1 0 1 1 0 1 1 1 1 0 0 0 0 1 0 1 1 0 0 1 1 0 1 1 0 1 1 1 1 0 1 1 0 0 1 0 0 1 0 1 1 1 1 1 1 0 0 0 1 0 1 1 0 1 1 1 1 0 1 1 1 1 1 1 0 1 1 0 0 1 1 0 0 1 1 1 0 1 1 1 1 0 1 1 1 1 1 0 1 1 0 0 0 1 1 1 1 1 1 1 1 0 0 1 0 1 1 0 1 1 0 1 1 1 1
0.5919485 0.576816 0.5723559 0.56785494 0.45051357 0.46308333 0.59557605 0.4366938 0.58901644 0.46640328 0.58500475 0.47022805 0.4477839 0.461201 0.5534897 0.4480222 0.57818586 0.56774676 0.58265424 0.46484935 0.44365156 0.56907374 0.5779112 0.5488881 0.576768 0.6075327 0.45070654 0.5828633 0.5950724 0.44844714 0.5801749 0.5698858 0.5903296 0.5946451 0.43737492 0.44675642 0.4530404 0.47829562 0.5845195 0.4575127 0.5842868 0.5883629 0.4390008 0.4618838 0.55985373 0.5658916 0.45079476 0.5659624 0.6016387 0.45108503 0.5698583 0.5747719 0.58667713 0.58159494 0.4397726 0.55738676 0.59645087 0.48599342 0.4487544 0.5744551 0.44765157 0.46466446 0.58131325 0.47077113 0.59460706 0.59348375 0.57237136 0.57951015 0.57127756 0.5901168 0.45118237 0.44907776 0.43197772 0.58224416 0.4742705 0.5601897 0.56658244 0.4719303 0.5623308 0.5752819 0.59570783 0.58564097 0.4522914 0.57519 0.5766346 0.59633154 0.60664123 0.500836 0.5592056 0.44609165 0.5585899 0.56783336 0.45663825 0.47347364 0.5775673 0.5925145 0.44324508 0.44515026 0.57149863 0.56034493 0.58152825 0.45673147 0.5873384 0.5850606 0.585164 0.5549057 0.46137625 0.56960183 0.5873062 0.56526077 0.5646959 0.601995 0.4834644 0.582076 0.5680181 0.45688656 0.4539122 0.4587186 0.58765745 0.6064774 0.5730732 0.5722095 0.5720367 0.5852064 0.56203055 0.5690394 0.4490159 0.44445753 0.5828385 0.43941176 0.5865496 0.5736899 0.4519655 0.5996701 0.5664077 0.45942792 0.58910096 0.5885967 0.57349 0.59514415
 accuracy: 99.29%
precision: 98.90%
   recall: 100.00%
       F1: 99.45%
      AUC: 100.00%

<test_data>
1 1 1 0 0 1 1 1 1 0 1 0 1 1 0 1 1 1 0 1 1 1 1 1 0 1 1 1 1 1 1 0 1 1 0
0 1 1 1 1 1 1 1 1 1 1 1 1 1 1 1 1 1 0 1 1 1 1 0 1 1 1 1 1 1 0 0 1 1 1
0.46202147 0.510488 0.54833376 0.50394136 0.5013144 0.53361464 0.5242931 0.56987983 0.5653667 0.52760667 0.5321873 0.5851517 0.5348424 0.5176184 0.52343833 0.5419282 0.5354182 0.5040196 0.4979225 0.5664263 0.52079195 0.56160325 0.54039544 0.48083347 0.54808456 0.5549748 0.51713216 0.53716046 0.51197654 0.529182 0.48390046 0.46656036 0.5418027 0.50752735 0.52471006
 accuracy: 71.43%
precision: 76.67%
   recall: 88.46%
       F1: 82.14%
      AUC: 62.39%
*----------------------------------------------------------------------------------------------------------
T2WI+DWI-C
<train_data>
1 1 1 1 0 0 1 0 1 0 1 0 0 0 1 0 1 1 1 0 0 1 1 1 1 1 0 1 1 0 1 1 1 1 0 0 0 0 1 0 1 1 0 0 1 1 0 1 1 0 1 1 1 1 0 1 1 0 0 1 0 0 1 0 1 1 1 1 1 1 0 0 0 1 0 1 1 0 1 1 1 1 0 1 1 1 1 0 1 0 1 1 0 0 1 1 0 0 1 1 1 0 1 1 1 1 0 1 1 1 1 1 0 1 1 0 0 0 1 1 1 1 1 1 1 1 0 0 1 0 1 1 0 1 1 0 1 1 1 1
1 1 1 1 0 0 1 0 1 0 1 0 0 0 1 0 1 1 1 0 0 1 1 1 1 1 0 1 1 0 1 1 1 1 0 0 0 0 1 0 1 1 0 0 1 1 0 1 1 0 1 1 1 1 0 1 1 0 0 1 0 0 1 0 1 1 1 1 1 1 0 0 0 1 0 1 1 0 1 1 1 1 0 1 1 1 1 0 1 0 1 1 0 0 1 1 0 0 1 1 1 0 1 1 1 1 0 1 1 1 1 1 0 1 1 0 0 0 1 1 1 1 1 1 1 1 0 0 1 0 1 1 0 1 1 0 1 1 1 1
0.6005113 0.5681764 0.5922385 0.57822263 0.45795673 0.44760326 0.5759112 0.44591168 0.6024195 0.45365572 0.5867746 0.45234424 0.4703183 0.44531146 0.5869798 0.43127823 0.580112 0.57228816 0.57001185 0.43331024 0.45758203 0.5852249 0.5897309 0.5764532 0.5905663 0.5724597 0.44169757 0.5995801 0.59570247 0.44059694 0.5546642 0.5668339 0.5720761 0.59616864 0.45272663 0.45196524 0.45943427 0.4601367 0.5954715 0.43253732 0.56732184 0.6056487 0.45617026 0.43891832 0.5831037 0.5504119 0.44656983 0.5912784 0.56769085 0.45592818 0.5967658 0.59352297 0.5882006 0.5784142 0.45232448 0.5908228 0.59508336 0.45088747 0.4673964 0.59102976 0.47028536 0.45975134 0.5940006 0.43867812 0.56830263 0.59521943 0.56652284 0.58140373 0.5842215 0.60613644 0.44874734 0.4431056 0.43235916 0.5877685 0.46619087 0.57968616 0.55776125 0.47455436 0.58708423 0.5823927 0.59469426 0.6000034 0.44939756 0.59702474 0.5701021 0.59501386 0.589125 0.4768059 0.5806584 0.43516672 0.5737794 0.55014133 0.45625314 0.4573929 0.5815989 0.59902966 0.4479037 0.4575087 0.5679858 0.5949882 0.59890616 0.44598004 0.5663309 0.5979032 0.59167403 0.5837175 0.45591232 0.5965961 0.5855857 0.5521779 0.59303874 0.57935375 0.44904155 0.59248525 0.59398437 0.46508747 0.45597288 0.44509837 0.56797737 0.60508424 0.5575105 0.5877995 0.5764525 0.5783447 0.57826173 0.5677178 0.47506368 0.44554302 0.59466094 0.4394169 0.5914076 0.58357984 0.4454049 0.5956043 0.5858937 0.44689363 0.59166646 0.5959155 0.57784843 0.59313464
 accuracy: 100.00%
precision: 100.00%
   recall: 100.00%
       F1: 100.00%
      AUC: 100.00%

<test_data>
1 1 1 0 0 1 1 1 1 0 1 0 1 1 0 1 1 1 0 1 1 1 1 1 0 1 1 1 1 1 1 0 1 1 0
0 0 1 0 1 1 1 1 1 1 0 1 1 1 1 1 1 1 1 1 1 1 1 1 0 1 1 1 1 1 1 0 1 1 0
0.48608348 0.48561552 0.58433497 0.45924965 0.56346256 0.5638615 0.5296873 0.5208354 0.54510397 0.5317127 0.49163264 0.5276793 0.56069016 0.51781976 0.5236909 0.54361093 0.582212 0.5500188 0.5363904 0.54201025 0.5644607 0.5744368 0.52012056 0.52989566 0.47001734 0.53116393 0.55739456 0.5413481 0.55414265 0.5612189 0.5344171 0.47988886 0.55585015 0.56477374 0.4884215
 accuracy: 77.14%
precision: 82.14%
   recall: 88.46%
       F1: 85.19%
      AUC: 77.35%
*----------------------------------------------------------------------------------------------------------
ADC+DWI-C
<train_data>
1 1 1 1 0 0 1 0 1 0 1 0 0 0 1 0 1 1 1 0 0 1 1 1 1 1 0 1 1 0 1 1 1 1 0 0 0 0 1 0 1 1 0 0 1 1 0 1 1 0 1 1 1 1 0 1 1 0 0 1 0 0 1 0 1 1 1 1 1 1 0 0 0 1 0 1 1 0 1 1 1 1 0 1 1 1 1 0 1 0 1 1 0 0 1 1 0 0 1 1 1 0 1 1 1 1 0 1 1 1 1 1 0 1 1 0 0 0 1 1 1 1 1 1 1 1 0 0 1 0 1 1 0 1 1 0 1 1 1 1
1 1 1 1 0 0 1 0 1 0 1 0 0 0 1 0 1 1 1 0 0 1 1 1 1 1 0 1 1 0 1 1 1 1 0 0 0 0 1 0 1 1 0 0 1 1 0 1 1 0 1 1 1 1 0 1 1 0 0 1 0 0 1 0 1 1 1 1 1 1 0 0 0 1 0 1 1 0 1 1 1 1 0 1 1 1 1 0 1 0 1 1 0 0 1 1 0 0 1 1 1 0 1 1 1 1 0 1 1 1 1 1 0 1 1 0 0 0 1 1 1 1 1 1 1 1 0 0 1 0 1 1 0 1 1 0 1 1 1 1
0.58256304 0.5622244 0.5930253 0.5842995 0.46132174 0.41885346 0.5834814 0.4614214 0.5930659 0.43792757 0.58424807 0.4731322 0.46904454 0.45618004 0.5506967 0.44463652 0.6060075 0.57195145 0.5536557 0.44107947 0.44746083 0.545766 0.58310467 0.5776187 0.5926412 0.5933369 0.44520444 0.56338674 0.5871893 0.4291064 0.5790728 0.59076923 0.592848 0.5959653 0.44090262 0.45300457 0.46489525 0.4693043 0.5924631 0.44148505 0.5794579 0.60297537 0.45334122 0.43449908 0.59348583 0.5902015 0.43393466 0.5977312 0.58256906 0.46139178 0.5820674 0.59307516 0.5819074 0.5876598 0.4551512 0.5839276 0.6066946 0.4299952 0.42183062 0.582728 0.41519475 0.446115 0.58608747 0.45102856 0.58354735 0.580899 0.583572 0.5809582 0.5937853 0.5927107 0.43247738 0.43950036 0.45360786 0.59936005 0.4631417 0.582269 0.5767963 0.4784992 0.57009363 0.5954295 0.60369295 0.5985549 0.45851254 0.57870144 0.5872912 0.58334076 0.56146723 0.45225286 0.5492378 0.42147923 0.5815963 0.57959455 0.4741369 0.45411634 0.5814353 0.5959722 0.4554777 0.45181572 0.5763008 0.5782694 0.60146177 0.44424015 0.5930081 0.58060896 0.557955 0.5878431 0.4490955 0.5856206 0.5721885 0.5788781 0.5892745 0.6008103 0.4470266 0.58595186 0.57797796 0.4564995 0.43861374 0.44140652 0.5889998 0.58897823 0.58062774 0.59492165 0.5934823 0.55982935 0.5858143 0.6020842 0.4672143 0.44756964 0.5641626 0.4388124 0.58101445 0.58446294 0.47271466 0.5722345 0.58492285 0.46269748 0.58511364 0.60052526 0.5838259 0.58048654
 accuracy: 100.00%
precision: 100.00%
   recall: 100.00%
       F1: 100.00%
      AUC: 100.00%

<test_data>
1 1 1 0 0 1 1 1 1 0 1 0 1 1 0 1 1 1 0 1 1 1 1 1 0 1 1 1 1 1 1 0 1 1 0
1 1 1 1 1 1 0 1 1 1 1 1 1 1 1 1 1 1 1 0 1 1 1 1 1 0 1 1 1 1 1 0 1 0 0
0.5099641 0.5336248 0.5438833 0.5777374 0.5433902 0.57823557 0.4737255 0.55677795 0.5286179 0.51017815 0.5308649 0.5136481 0.5792914 0.5388918 0.53597194 0.53500104 0.51593685 0.5735528 0.5338639 0.48452845 0.54447114 0.5288325 0.5582263 0.50151175 0.5409511 0.4758401 0.5299158 0.55863994 0.5681388 0.52249813 0.5253333 0.486845 0.5158932 0.49074128 0.4835898
 accuracy: 68.57%
precision: 75.86%
   recall: 84.62%
       F1: 80.00%
      AUC: 54.70%
*----------------------------------------------------------------------------------------------------------
T2WI+ADC-C
<train_data>
1 1 1 1 0 0 1 0 1 0 1 0 0 0 1 0 1 1 1 0 0 1 1 1 1 1 0 1 1 0 1 1 1 1 0 0 0 0 1 0 1 1 0 0 1 1 0 1 1 0 1 1 1 1 0 1 1 0 0 1 0 0 1 0 1 1 1 1 1 1 0 0 0 1 0 1 1 0 1 1 1 1 0 1 1 1 1 0 1 0 1 1 0 0 1 1 0 0 1 1 1 0 1 1 1 1 0 1 1 1 1 1 0 1 1 0 0 0 1 1 1 1 1 1 1 1 0 0 1 0 1 1 0 1 1 0 1 1 1 1
1 1 1 1 0 0 1 0 1 0 1 0 0 0 1 0 1 1 1 0 0 1 1 1 1 1 0 1 1 0 1 1 1 1 0 0 0 0 1 0 1 1 0 0 1 1 0 1 1 0 1 1 1 1 0 1 1 0 0 1 0 0 1 0 1 1 1 1 1 1 0 0 0 1 0 1 1 0 1 1 1 1 0 1 1 1 1 0 1 0 1 1 0 0 1 1 0 0 1 1 1 0 1 1 1 1 0 1 1 1 1 1 0 1 1 0 0 0 1 1 1 1 1 1 1 1 0 0 1 0 1 1 0 1 1 0 1 1 1 1
0.597244 0.5706832 0.58366656 0.56524086 0.4400005 0.44578138 0.5811061 0.4441853 0.60420704 0.44627088 0.5861615 0.48529795 0.47587812 0.44939256 0.5827537 0.43998745 0.58173484 0.5546241 0.5689345 0.43850872 0.4451923 0.5756137 0.588254 0.5684361 0.58650297 0.58213884 0.4501489 0.59698486 0.60787785 0.44271734 0.5446436 0.56743985 0.5855101 0.59786433 0.4498125 0.44206297 0.4643338 0.46887055 0.5975818 0.4379376 0.5687404 0.60147023 0.45379362 0.43888333 0.5673203 0.56430626 0.43835622 0.58255035 0.57791966 0.4564582 0.58194596 0.59726775 0.60012686 0.5781478 0.43606743 0.5873739 0.6033764 0.44161326 0.46041125 0.59632546 0.4501587 0.48197073 0.5932224 0.43941733 0.571936 0.5949796 0.5688811 0.57985735 0.58518386 0.6025919 0.43818918 0.4461009 0.43970928 0.58994 0.46203613 0.57907003 0.5618802 0.46609882 0.57687527 0.58373207 0.5939098 0.5999798 0.4546253 0.59557575 0.5670654 0.59527403 0.5941021 0.45643112 0.59103554 0.43862414 0.56984 0.5437814 0.4514292 0.45028237 0.595636 0.60343134 0.44493115 0.4472555 0.56636316 0.5937911 0.6010638 0.44847402 0.5744025 0.5966558 0.592553 0.5802947 0.46267477 0.5871248 0.5819727 0.5476802 0.5875065 0.58623093 0.44258374 0.59098554 0.586802 0.4692803 0.45228487 0.44327244 0.5620167 0.60886234 0.5581503 0.5900006 0.5836968 0.58404225 0.5869581 0.5759994 0.45456558 0.43738195 0.58028626 0.44102713 0.59640896 0.57474333 0.44657025 0.5997782 0.5877304 0.4364951 0.6023777 0.5970909 0.5741442 0.5949975
 accuracy: 100.00%
precision: 100.00%
   recall: 100.00%
       F1: 100.00%
      AUC: 100.00%

<test_data>
1 1 1 0 0 1 1 1 1 0 1 0 1 1 0 1 1 1 0 1 1 1 1 1 0 1 1 1 1 1 1 0 1 1 0
1 0 1 0 1 1 1 1 1 1 1 1 1 1 1 1 1 1 1 0 1 1 1 1 1 1 1 1 1 1 1 0 1 1 1
0.51094675 0.4882807 0.5780707 0.4825493 0.5586277 0.54486066 0.54584515 0.5137957 0.5071179 0.52916336 0.5086563 0.5255582 0.5836624 0.5326136 0.5056667 0.5335183 0.5700874 0.5048143 0.5487808 0.48646447 0.5641385 0.5594563 0.52611107 0.5209736 0.50037813 0.5436387 0.53159213 0.55519664 0.5164286 0.57432073 0.5213926 0.4904584 0.5354958 0.5508913 0.5029466
 accuracy: 74.29%
precision: 77.42%
   recall: 92.31%
       F1: 84.21%
      AUC: 70.94%
*----------------------------------------------------------------------------------------------------------
T2WI+ADC+DWI-C
<train_data>
1 1 1 1 0 0 1 0 1 0 1 0 0 0 1 0 1 1 1 0 0 1 1 1 1 1 0 1 1 0 1 1 1 1 0 0 0 0 1 0 1 1 0 0 1 1 0 1 1 0 1 1 1 1 0 1 1 0 0 1 0 0 1 0 1 1 1 1 1 1 0 0 0 1 0 1 1 0 1 1 1 1 0 1 1 1 1 0 1 0 1 1 0 0 1 1 0 0 1 1 1 0 1 1 1 1 0 1 1 1 1 1 0 1 1 0 0 0 1 1 1 1 1 1 1 1 0 0 1 0 1 1 0 1 1 0 1 1 1 1
1 1 1 1 0 0 1 0 1 0 1 0 0 0 1 0 1 1 1 0 0 1 1 1 1 1 0 1 1 0 1 1 1 1 0 0 0 0 1 0 1 1 0 0 1 1 0 1 1 0 1 1 1 1 0 1 1 0 0 1 0 0 1 0 1 1 1 1 1 1 0 0 0 1 0 1 1 0 1 1 1 1 0 1 1 1 1 0 1 0 1 1 0 0 1 1 0 0 1 1 1 0 1 1 1 1 0 1 1 1 1 1 0 1 1 0 0 0 1 1 1 1 1 1 1 1 0 0 1 0 1 1 0 1 1 0 1 1 1 1
0.59313107 0.5688724 0.58882695 0.5713181 0.44123334 0.43871802 0.58216995 0.44631326 0.60241437 0.44874686 0.5864699 0.47556376 0.46790248 0.44910842 0.58253694 0.43806443 0.58286434 0.56898403 0.5695328 0.43648237 0.44673893 0.581687 0.58107173 0.5772203 0.58500254 0.5754829 0.44241586 0.5933672 0.59978193 0.44208542 0.56116194 0.5759871 0.5879041 0.5952942 0.44924673 0.44442886 0.45792654 0.46731213 0.59600115 0.43859032 0.5715441 0.6035051 0.45370132 0.43703797 0.5743716 0.5565515 0.4411933 0.5889646 0.5786723 0.45293915 0.59056264 0.5966052 0.58776647 0.5782777 0.4414631 0.5879011 0.5932504 0.44631594 0.45389384 0.5931444 0.45049432 0.47327915 0.5895167 0.43687218 0.57224685 0.5923538 0.57645106 0.58499473 0.5886224 0.60089964 0.4438695 0.4483305 0.44043168 0.5908078 0.45758024 0.5812628 0.56097925 0.4642562 0.5740143 0.58402556 0.59199154 0.59235364 0.4514392 0.5963952 0.572113 0.59240174 0.59203786 0.45550415 0.5825659 0.43898264 0.57492596 0.5526567 0.44864136 0.45664564 0.59343827 0.59826213 0.44697782 0.45134482 0.5721291 0.5893626 0.59906465 0.44261834 0.57780486 0.5944949 0.586828 0.5828739 0.46128723 0.58949065 0.5788176 0.554047 0.59049016 0.59210545 0.44113883 0.59126055 0.5870151 0.4628406 0.4523464 0.4449715 0.57212114 0.60379845 0.5678788 0.5951753 0.5837797 0.5870495 0.586577 0.57916075 0.45454213 0.43889937 0.5855798 0.4389201 0.5927849 0.5791253 0.44715253 0.5973684 0.58579224 0.43970105 0.59355414 0.5974019 0.5813011 0.5890495
 accuracy: 100.00%
precision: 100.00%
   recall: 100.00%
       F1: 100.00%
      AUC: 100.00%

<test_data>
1 1 1 0 0 1 1 1 1 0 1 0 1 1 0 1 1 1 0 1 1 1 1 1 0 1 1 1 1 1 1 0 1 1 0
0 0 1 0 1 1 1 1 1 1 1 1 1 1 1 1 1 1 1 1 1 1 1 1 1 1 1 1 1 1 1 0 1 1 1
0.4965008 0.4930578 0.5740537 0.48002437 0.55997616 0.5519864 0.525581 0.5191232 0.52051044 0.5289855 0.50481224 0.5348528 0.5772209 0.5318221 0.52327037 0.5405269 0.57533324 0.5271053 0.5436339 0.5111532 0.5603769 0.5585551 0.53859544 0.5192359 0.50461745 0.5418417 0.53795725 0.55421215 0.5257903 0.56562287 0.5224104 0.4805477 0.54498637 0.5548732 0.50262356
 accuracy: 74.29%
precision: 77.42%
   recall: 92.31%
       F1: 84.21%
      AUC: 69.23%
*----------------------------------------------------------------------------------------------------------