T2WI-C
<train_data>
1 1 1 1 0 0 1 0 1 0 1 0 0 0 1 0 1 1 1 0 0 1 1 1 1 1 0 1 1 0 1 1 1 1 0 0 0 0 1 0 1 1 0 0 1 1 0 1 1 0 1 1 1 1 0 1 1 0 0 1 0 0 1 0 1 1 1 1 1 1 0 0 0 1 0 1 1 0 1 1 1 1 0 1 1 1 1 0 1 0 1 1 0 0 1 1 0 0 1 1 1 0 1 1 1 1 0 1 1 1 1 1 0 1 1 0 0 0 1 1 1 1 1 1 1 1 0 0 1 0 1 1 0 1 1 0 1 1 1 1
1 1 1 1 0 0 1 0 1 0 1 0 0 0 1 0 1 1 1 0 0 1 1 1 1 1 0 1 1 0 1 1 1 1 0 0 0 0 1 0 1 1 0 0 1 1 0 1 1 0 1 1 1 1 0 1 1 0 0 1 0 0 1 0 1 1 1 1 1 1 0 0 0 1 0 1 1 0 1 1 1 1 0 1 1 1 1 0 1 0 1 1 0 0 1 1 0 0 1 1 1 0 1 1 1 1 0 1 1 1 1 1 0 1 1 0 0 0 1 1 1 1 1 1 1 1 0 0 1 0 1 1 0 1 1 0 1 1 1 1	
0.6016358 0.57306874 0.58622235 0.5668118 0.44402504 0.46516484 0.589122 0.44903874 0.6019503 0.45919394 0.5787796 0.45919442 0.47647032 0.4716261 0.6002128 0.44532466 0.6098203 0.56409866 0.576137 0.4647824 0.44829735 0.58689183 0.57694864 0.57126135 0.56503034 0.58590406 0.44081524 0.5994291 0.6021689 0.42931318 0.5185534 0.5444458 0.5649228 0.5875991 0.42808333 0.45002142 0.46111774 0.45914945 0.5743399 0.4308638 0.59504074 0.5927345 0.471215 0.4412624 0.5712322 0.56706357 0.4558993 0.5840608 0.57429975 0.428339 0.5986446 0.59139174 0.6037066 0.5739237 0.44119444 0.5788608 0.6133821 0.48852047 0.44995305 0.57213306 0.4315212 0.47295448 0.5902003 0.47761145 0.5972489 0.5987335 0.5477236 0.57631505 0.5607995 0.61463517 0.44120064 0.4517232 0.4332096 0.5853302 0.45665717 0.5659817 0.56864053 0.472082 0.5877883 0.5850165 0.60082763 0.6141126 0.44145086 0.5928367 0.5568501 0.60633844 0.61217093 0.450823 0.5938685 0.43483016 0.5715904 0.5290303 0.45513162 0.472717 0.5815632 0.60736495 0.46526733 0.42885545 0.56179744 0.6021166 0.58479685 0.44202256 0.58383673 0.58641034 0.6073658 0.57612085 0.47002986 0.60136527 0.5900795 0.5558174 0.6012228 0.5668363 0.47171012 0.5915991 0.5625604 0.46708387 0.45718607 0.4569779 0.567716 0.5902626 0.5813832 0.58187723 0.5798866 0.58247733 0.57573557 0.5674727 0.47441533 0.45537844 0.6040246 0.42896754 0.59171057 0.59064317 0.43994966 0.59971994 0.54377836 0.43324128 0.5964252 0.60290116 0.57552004 0.60456735	
 accuracy: 100.00%
precision: 100.00%
   recall: 100.00%
       F1: 100.00%
      AUC: 100.00%

<test_data>
1 1 1 0 0 1 1 1 1 0 1 0 1 1 0 1 1 1 0 1 1 1 1 1 0 1 1 1 1 1 1 0 1 1 0	
1 0 1 1 1 1 1 1 1 1 1 1 1 1 1 1 1 1 1 1 1 1 1 1 1 1 1 1 1 1 1 0 1 1 1	
0.50468636 0.47770366 0.5989764 0.5313351 0.5743049 0.5114191 0.52639794 0.5210757 0.56396824 0.534354 0.52252746 0.57189745 0.54239374 0.594376 0.50218153 0.5629041 0.600368 0.52493405 0.52952623 0.5728776 0.5839798 0.54944706 0.5048409 0.5436066 0.5572932 0.53242177 0.5368306 0.5338128 0.5781653 0.575009 0.51894844 0.49679875 0.5640074 0.5785395 0.511108	
 accuracy: 74.29%
precision: 75.76%
   recall: 96.15%
       F1: 84.75%
      AUC: 63.25%
      NPV: 50.00%
*----------------------------------------------------------------------------------------------------------
T2WI-M
<train_data>
1 1 1 1 0 0 1 0 1 0 1 0 0 0 1 0 1 1 1 0 0 1 1 1 1 1 0 1 1 0 1 1 1 1 0 0 0 0 1 0 1 1 0 0 1 1 0 1 1 0 1 1 1 1 0 1 1 0 0 1 0 0 1 0 1 1 1 1 1 1 0 0 0 1 0 1 1 0 1 1 1 1 0 1 1 1 1 0 1 0 1 1 0 0 1 1 0 0 1 1 1 0 1 1 1 1 0 1 1 1 1 1 0 1 1 0 0 0 1 1 1 1 1 1 1 1 0 0 1 0 1 1 0 1 1 0 1 1 1 1
1 1 1 1 0 0 1 0 1 0 1 0 0 0 1 0 1 1 1 0 0 1 1 1 1 1 0 1 1 0 1 1 1 1 0 0 0 0 1 0 1 1 0 0 1 1 0 1 1 0 1 1 1 1 0 1 1 0 0 1 0 0 1 0 1 1 1 1 1 1 0 0 0 1 0 1 1 0 1 1 1 1 0 1 1 1 1 0 1 0 1 1 0 0 1 1 0 0 1 1 1 0 1 1 1 1 0 1 1 1 1 1 0 1 1 0 0 0 1 1 1 1 1 1 1 1 0 0 1 0 1 1 0 1 1 0 1 1 1 1	
0.5926893 0.5682224 0.5768245 0.5697636 0.4432606 0.43935406 0.5828327 0.44664934 0.5977901 0.4521839 0.5930959 0.46189922 0.48545516 0.45824674 0.5158243 0.45069233 0.61106104 0.60013247 0.58734787 0.45417663 0.4558463 0.547985 0.5771445 0.5910267 0.5554909 0.59241414 0.44108838 0.5837056 0.5984597 0.4471367 0.5665167 0.5521622 0.5853664 0.59274906 0.44441524 0.4652526 0.45397952 0.46589845 0.57544446 0.4355085 0.60605145 0.6105182 0.4518589 0.43106002 0.58418816 0.55727464 0.43743515 0.55012083 0.5889322 0.44403678 0.5816559 0.5926316 0.6001873 0.57164425 0.44877392 0.596676 0.60411423 0.46507293 0.44982997 0.5807254 0.42443144 0.45424885 0.59523326 0.48711482 0.57397485 0.60246843 0.5595585 0.6049424 0.60305023 0.5971893 0.43246093 0.4594587 0.4329431 0.5981924 0.4567041 0.56539613 0.547387 0.47651422 0.5636272 0.57019484 0.60225624 0.5932601 0.47953284 0.593857 0.53679305 0.58096206 0.6157804 0.47257963 0.57589537 0.43924895 0.5766302 0.5591227 0.43915832 0.45730832 0.596485 0.5967387 0.45806658 0.43583462 0.5347246 0.56982154 0.5776546 0.45584622 0.57378125 0.5847062 0.59189975 0.56369185 0.4606932 0.5869662 0.5816521 0.5980044 0.56948316 0.5903098 0.49629587 0.5716274 0.58153564 0.46780765 0.46347708 0.4567927 0.5768907 0.6032658 0.5765953 0.58858055 0.5540393 0.57920134 0.5733707 0.56736165 0.48063344 0.48221093 0.58438534 0.4491127 0.58921987 0.590969 0.43181637 0.5946897 0.5705731 0.46094394 0.5870354 0.6083423 0.57285 0.58972555	
 accuracy: 100.00%
precision: 100.00%
   recall: 100.00%
       F1: 100.00%
      AUC: 100.00%

<test_data>
1 1 1 0 0 1 1 1 1 0 1 0 1 1 0 1 1 1 0 1 1 1 1 1 0 1 1 1 1 1 1 0 1 1 0	
0 1 1 1 1 1 1 1 1 1 1 1 1 1 1 1 1 1 0 1 1 1 1 1 1 1 1 1 1 1 1 1 1 1 0	
0.49397328 0.51493317 0.5438275 0.5087073 0.5398146 0.5304137 0.5116919 0.5235229 0.5536586 0.50553614 0.52411705 0.5665946 0.52247775 0.5661704 0.53552586 0.5343669 0.5885011 0.541872 0.49673852 0.5909887 0.57822335 0.5465627 0.50537664 0.5358855 0.5182457 0.5210772 0.5340936 0.50383353 0.58593255 0.56654096 0.5168106 0.5171837 0.5749386 0.5342657 0.49004215	
 accuracy: 77.14%
precision: 78.12%
   recall: 96.15%
       F1: 86.21%
      AUC: 70.51%
      NPV: 67.00%
*----------------------------------------------------------------------------------------------------------
T2WI-P
<train_data>
1 1 1 1 0 0 1 0 1 0 1 0 0 0 1 0 1 1 1 0 0 1 1 1 1 1 0 1 1 0 1 1 1 1 0 0 0 0 1 0 1 1 0 0 1 1 0 1 1 0 1 1 1 1 0 1 1 0 0 1 0 0 1 0 1 1 1 1 1 1 0 0 0 1 0 1 1 0 1 1 1 1 0 1 1 1 1 0 1 0 1 1 0 0 1 1 0 0 1 1 1 0 1 1 1 1 0 1 1 1 1 1 0 1 1 0 0 0 1 1 1 1 1 1 1 1 0 0 1 0 1 1 0 1 1 0 1 1 1 1
1 1 1 1 0 0 1 0 1 0 1 0 0 0 1 0 1 1 1 0 0 1 1 1 1 1 0 1 1 0 1 1 1 1 0 0 0 0 1 0 1 1 0 0 1 1 0 1 1 0 1 1 1 1 0 1 1 0 0 1 0 0 1 0 1 1 1 1 1 1 0 0 0 1 0 1 1 0 1 1 1 1 0 1 1 1 1 0 1 0 1 1 0 0 1 1 0 0 1 1 1 0 1 1 1 1 0 1 1 1 1 1 0 1 1 0 0 0 1 1 1 1 1 1 1 1 0 0 1 0 1 1 0 1 1 0 1 1 1 1	
0.57776904 0.55302244 0.5873745 0.5685609 0.43932036 0.4297097 0.5895419 0.4375252 0.5983318 0.44720352 0.60440606 0.49461582 0.46016523 0.4668355 0.5687763 0.4543381 0.5749482 0.5982961 0.5906668 0.45960015 0.45096144 0.5618839 0.574082 0.5932629 0.5924386 0.6020614 0.47336644 0.6114551 0.57333595 0.44077232 0.56843764 0.57083595 0.5513716 0.5894 0.4687516 0.4640955 0.44173416 0.47672176 0.5815599 0.43903443 0.58017987 0.58313286 0.44126797 0.44898656 0.59757346 0.584093 0.4433773 0.57985526 0.5799143 0.4345198 0.5838459 0.59624195 0.5858744 0.56562155 0.4670583 0.5773251 0.60700315 0.4741379 0.4666803 0.5832322 0.43511426 0.46994224 0.59265053 0.471702 0.5654399 0.5987201 0.57632005 0.5739591 0.6053822 0.5720385 0.45582914 0.47397625 0.4366406 0.58612615 0.44680384 0.5510887 0.5530621 0.45737705 0.5949125 0.59652406 0.6036164 0.6003901 0.45806077 0.5512927 0.55747855 0.5912855 0.6016068 0.45022923 0.550193 0.45824444 0.55153733 0.5542773 0.45093173 0.4411773 0.5875445 0.59282744 0.46181974 0.4507207 0.54449475 0.5673598 0.60065264 0.44951385 0.5974273 0.6014552 0.60412264 0.5618938 0.468891 0.5946045 0.5832834 0.5684443 0.57160133 0.60032195 0.49320018 0.5904761 0.5859078 0.46223706 0.47851864 0.4292513 0.59749293 0.5950972 0.5811842 0.5920552 0.58549196 0.5990218 0.57186633 0.58185685 0.46504804 0.45730942 0.61003375 0.44702962 0.59880686 0.55293965 0.44083533 0.5890204 0.58575773 0.45064893 0.60328746 0.5973634 0.56057215 0.60272396	
 accuracy: 100.00%
precision: 100.00%
   recall: 100.00%
       F1: 100.00%
      AUC: 100.00%

<test_data>
1 1 1 0 0 1 1 1 1 0 1 0 1 1 0 1 1 1 0 1 1 1 1 1 0 1 1 1 1 1 1 0 1 1 0	
1 0 1 0 1 1 1 1 1 1 1 1 1 1 1 1 1 1 1 1 1 1 1 1 0 0 1 1 1 1 1 0 1 1 1	
0.5028783 0.48423532 0.56171924 0.4715854 0.53378844 0.5095062 0.5488921 0.5496728 0.5864155 0.534122 0.60248065 0.589266 0.5078797 0.5264691 0.5679045 0.5706272 0.5884991 0.53161705 0.5044468 0.6014332 0.57546306 0.6013382 0.5603154 0.5582324 0.4967804 0.44995967 0.5305186 0.54252356 0.5637711 0.52473676 0.5166791 0.48677042 0.5715029 0.5402037 0.53678745	
 accuracy: 77.14%
precision: 80.00%
   recall: 92.31%
       F1: 85.71%
      AUC: 66.24%
      NPV: 60.00%
*----------------------------------------------------------------------------------------------------------
ADC-C
<train_data>
1 1 1 1 0 0 1 0 1 0 1 0 0 0 1 0 1 1 1 0 0 1 1 1 1 1 0 1 1 0 1 1 1 1 0 0 0 0 1 0 1 1 0 0 1 1 0 1 1 0 1 1 1 1 0 1 1 0 0 1 0 0 1 0 1 1 1 1 1 1 0 0 0 1 0 1 1 0 1 1 1 1 0 1 1 1 1 0 1 0 1 1 0 0 1 1 0 0 1 1 1 0 1 1 1 1 0 1 1 1 1 1 0 1 1 0 0 0 1 1 1 1 1 1 1 1 0 0 1 0 1 1 0 1 1 0 1 1 1 1
1 1 1 1 0 0 1 0 1 0 1 0 0 0 1 0 1 1 1 0 0 1 1 1 1 1 0 1 1 0 1 1 1 1 0 0 0 0 1 0 1 1 0 0 1 1 0 1 1 0 1 1 1 1 0 1 1 0 0 1 0 0 1 0 1 1 1 1 1 1 0 0 0 1 0 1 1 0 1 1 1 1 0 1 1 1 1 0 1 0 1 1 0 0 1 1 0 0 1 1 1 0 1 1 1 1 0 1 1 1 1 1 0 1 1 0 0 0 1 1 1 1 1 1 1 1 0 0 1 0 1 1 0 1 1 0 1 1 1 1	
0.5937319 0.5649502 0.5935314 0.57530457 0.46090707 0.40408078 0.5913616 0.45938867 0.60511404 0.46014473 0.58884585 0.474216 0.48927778 0.46206748 0.56179875 0.44809955 0.6104505 0.556677 0.5434656 0.43611467 0.4223936 0.57243913 0.562828 0.57433003 0.59041613 0.61177886 0.48522967 0.5753225 0.5891987 0.41748098 0.56661016 0.60224295 0.5964345 0.5932509 0.42191762 0.44758835 0.4847501 0.4660779 0.5999374 0.43816218 0.55021137 0.61245507 0.47969544 0.4367584 0.59287965 0.58470243 0.44032687 0.59096056 0.6064822 0.45297682 0.5637376 0.5897993 0.60075486 0.5778 0.45319527 0.5885469 0.6025969 0.41927427 0.41881156 0.56954205 0.4176414 0.44957793 0.5922286 0.46264455 0.60662043 0.5793437 0.57557565 0.5637065 0.58104104 0.5941353 0.4485689 0.43767932 0.44363326 0.5942455 0.47540215 0.56569296 0.57419425 0.49854127 0.5544247 0.5830903 0.6029153 0.6013442 0.44907779 0.5734858 0.5807622 0.590947 0.60322195 0.4590478 0.58479637 0.4197577 0.58269095 0.5743806 0.46821547 0.45167255 0.5745327 0.58493626 0.43837985 0.4518549 0.5797793 0.56856406 0.5644058 0.44813678 0.60253125 0.59645325 0.57322234 0.5812869 0.4792892 0.58095986 0.5487575 0.55805856 0.57834786 0.5913484 0.4861258 0.5891376 0.5668842 0.45141467 0.46892348 0.46619773 0.5691154 0.5993695 0.5657088 0.58027774 0.60787624 0.5667497 0.5990378 0.5861037 0.45530427 0.42352092 0.57159036 0.43360063 0.5809886 0.5629873 0.47663 0.5679771 0.56802016 0.44685838 0.58851737 0.5953003 0.57161874 0.5842334	
 accuracy: 100.00%
precision: 100.00%
   recall: 100.00%
       F1: 100.00%
      AUC: 100.00%

<test_data>
1 1 1 0 0 1 1 1 1 0 1 0 1 1 0 1 1 1 0 1 1 1 1 1 0 1 1 1 1 1 1 0 1 1 0	
1 1 1 1 1 1 0 1 1 1 1 1 1 1 1 0 1 1 1 1 1 1 1 0 1 1 1 1 1 0 1 1 0 1 0	
0.53419423 0.5235996 0.5872311 0.5634783 0.5719735 0.58181524 0.43071052 0.52134955 0.5765501 0.5790821 0.5223514 0.505058 0.55493224 0.57446635 0.50140935 0.4767895 0.531691 0.5852484 0.54524994 0.5390211 0.5231493 0.56491154 0.55166286 0.44237918 0.55706424 0.5277165 0.52557224 0.56754154 0.5545511 0.4933773 0.51519036 0.5172417 0.49146098 0.5058624 0.4727219	
 accuracy: 62.86%
precision: 72.41%
   recall: 80.77%
       F1: 76.36%
      AUC: 50.00%
      NPV: 17.00%
*----------------------------------------------------------------------------------------------------------
ADC-M
<train_data>
1 1 1 1 0 0 1 0 1 0 1 0 0 0 1 0 1 1 1 0 0 1 1 1 1 1 0 1 1 0 1 1 1 1 0 0 0 0 1 0 1 1 0 0 1 1 0 1 1 0 1 1 1 1 0 1 1 0 0 1 0 0 1 0 1 1 1 1 1 1 0 0 0 1 0 1 1 0 1 1 1 1 0 1 1 1 1 0 1 0 1 1 0 0 1 1 0 0 1 1 1 0 1 1 1 1 0 1 1 1 1 1 0 1 1 0 0 0 1 1 1 1 1 1 1 1 0 0 1 0 1 1 0 1 1 0 1 1 1 1
1 1 1 1 0 0 1 0 1 0 1 0 0 0 1 0 1 1 1 0 0 1 1 1 1 1 0 1 1 0 1 1 1 1 0 0 0 0 1 0 1 1 0 0 1 1 0 1 1 0 1 1 1 1 0 1 1 0 0 1 0 0 1 0 1 1 1 1 1 1 0 0 0 1 0 1 1 0 1 1 1 1 0 1 1 1 1 0 1 0 1 1 0 0 1 1 0 0 1 1 1 0 1 1 1 1 0 1 1 1 1 1 0 1 1 0 0 0 1 1 1 1 1 1 1 1 0 0 1 0 1 1 0 1 1 0 1 1 1 1	
0.6156374 0.57217175 0.574474 0.59237623 0.45183775 0.44901443 0.6084871 0.4594225 0.6100229 0.4596011 0.5947387 0.46118894 0.45919764 0.47286776 0.57479095 0.45717087 0.6114147 0.57883316 0.5733294 0.45916688 0.46523243 0.56914496 0.55528885 0.58616537 0.5664448 0.60808617 0.42519045 0.5933742 0.60770357 0.44705585 0.57301325 0.56561744 0.5696152 0.6001065 0.42997858 0.42342275 0.45628917 0.46012717 0.573594 0.45675087 0.5325194 0.59976757 0.44055983 0.4106642 0.5778181 0.5681781 0.4291876 0.59317017 0.60044974 0.47173527 0.5970559 0.5976099 0.5963013 0.5786891 0.4651073 0.55348593 0.6172369 0.44682312 0.4183422 0.56718266 0.4472828 0.471142 0.60384566 0.46033767 0.6045844 0.580453 0.5765307 0.5985 0.6046623 0.6049963 0.4622784 0.45309237 0.46408278 0.58894974 0.4670553 0.6056259 0.5455709 0.47064295 0.56681323 0.58235687 0.5832857 0.5677362 0.4680238 0.5719221 0.5740188 0.57241005 0.5928922 0.46341005 0.5859711 0.44627908 0.54634416 0.53875244 0.45366487 0.46877214 0.5599753 0.5800972 0.49642244 0.46982253 0.5650981 0.5703565 0.6041289 0.43934318 0.57921267 0.5956181 0.5880103 0.560239 0.4729694 0.58766013 0.57760406 0.59925073 0.57957625 0.5964753 0.47465447 0.5995581 0.6009146 0.46322876 0.4568682 0.46384454 0.5728834 0.60347325 0.5921974 0.5849788 0.60026014 0.58082485 0.6015501 0.5879492 0.45720783 0.41404092 0.5699648 0.46629822 0.571196 0.57154024 0.4647966 0.5803363 0.5622831 0.43559805 0.59328073 0.6069981 0.54603785 0.60155064	
 accuracy: 100.00%
precision: 100.00%
   recall: 100.00%
       F1: 100.00%
      AUC: 100.00%

<test_data>
1 1 1 0 0 1 1 1 1 0 1 0 1 1 0 1 1 1 0 1 1 1 1 1 0 1 1 1 1 1 1 0 1 1 0	
0 1 1 1 0 1 1 1 1 1 1 1 1 1 1 1 0 1 0 1 1 1 1 1 1 1 1 1 1 1 1 0 1 1 1	
0.44267443 0.5347305 0.5994667 0.5430612 0.46466225 0.5349412 0.5506865 0.5158814 0.5444937 0.5463333 0.5176891 0.5365667 0.54408884 0.58136696 0.5549385 0.5488867 0.454911 0.5502243 0.4475153 0.59308916 0.5693844 0.54577744 0.5593554 0.5207515 0.53463066 0.5537195 0.5446681 0.53555644 0.56615007 0.5291977 0.57945275 0.45636365 0.5732019 0.546462 0.5223644	
 accuracy: 77.14%
precision: 80.00%
   recall: 92.31%
       F1: 85.71%
      AUC: 72.22%
      NPV: 60.00%
*----------------------------------------------------------------------------------------------------------
ADC-P
<train_data>
1 1 1 1 0 0 1 0 1 0 1 0 0 0 1 0 1 1 1 0 0 1 1 1 1 1 0 1 1 0 1 1 1 1 0 0 0 0 1 0 1 1 0 0 1 1 0 1 1 0 1 1 1 1 0 1 1 0 0 1 0 0 1 0 1 1 1 1 1 1 0 0 0 1 0 1 1 0 1 1 1 1 0 1 1 1 1 0 1 0 1 1 0 0 1 1 0 0 1 1 1 0 1 1 1 1 0 1 1 1 1 1 0 1 1 0 0 0 1 1 1 1 1 1 1 1 0 0 1 0 1 1 0 1 1 0 1 1 1 1
1 1 1 1 0 0 1 0 1 0 1 0 0 0 1 0 1 1 1 0 0 1 1 1 1 1 0 1 1 0 1 1 1 1 0 0 0 0 1 0 1 1 0 0 1 1 0 1 1 0 1 1 1 1 0 1 1 0 0 1 0 0 1 0 1 1 1 1 1 1 0 0 0 1 0 1 1 0 1 1 1 1 0 1 1 1 1 0 1 0 1 1 0 0 1 1 1 0 1 1 1 0 1 1 1 1 0 1 1 1 1 1 0 1 1 0 0 0 1 1 1 1 1 1 1 1 0 0 1 0 1 1 0 1 1 0 1 1 1 1	
0.59793705 0.5422937 0.5723257 0.5973694 0.46368235 0.45380965 0.5826339 0.44915628 0.5951978 0.46212482 0.59652627 0.49046126 0.44638005 0.4422055 0.56900495 0.45488948 0.5980523 0.56396765 0.5905351 0.44990247 0.42654127 0.5549509 0.55892086 0.5761108 0.5784076 0.58579594 0.45388368 0.605469 0.5816276 0.4317193 0.58204204 0.5926698 0.559865 0.58385694 0.43607187 0.45497653 0.4485713 0.4776652 0.57433593 0.4258986 0.513613 0.6111954 0.44335303 0.43738744 0.5802489 0.5636083 0.43113413 0.5744739 0.57185876 0.4504769 0.60103875 0.61060166 0.6056984 0.5942922 0.4484838 0.5860094 0.60478044 0.42891833 0.44578362 0.5825043 0.46873263 0.47577927 0.5949753 0.4448388 0.5803878 0.57915723 0.59385484 0.5695857 0.5806436 0.59317327 0.44705337 0.45061165 0.44920564 0.5954903 0.47451827 0.6025892 0.5533613 0.48333213 0.56630933 0.5827765 0.56820774 0.59988964 0.43405464 0.57689834 0.58736885 0.59150934 0.556239 0.44513556 0.56664 0.44841248 0.5797662 0.5724022 0.4413274 0.45696893 0.5932212 0.5724159 0.5007381 0.45150548 0.5833549 0.5917494 0.5745204 0.43143374 0.59320784 0.5816686 0.5974458 0.5899292 0.45836622 0.5858476 0.5825139 0.59610957 0.56517494 0.57700884 0.45804167 0.60568357 0.5658549 0.44893485 0.43466714 0.44964406 0.572417 0.5872015 0.60042185 0.571102 0.60402244 0.58837456 0.5931782 0.6087943 0.46411964 0.4197022 0.59722084 0.48941413 0.60340095 0.54431075 0.4323984 0.5744293 0.59052825 0.4196935 0.6095631 0.5938428 0.5543723 0.60791516	
 accuracy: 99.29%
precision: 98.90%
   recall: 100.00%
       F1: 99.45%
      AUC: 100.00%

<test_data>
1 1 1 0 0 1 1 1 1 0 1 0 1 1 0 1 1 1 0 1 1 1 1 1 0 1 1 1 1 1 1 0 1 1 0	
0 1 1 1 1 0 1 1 1 1 1 1 1 1 1 1 1 0 1 1 1 1 1 0 1 1 1 1 1 1 0 0 1 1 1	
0.4740055 0.6010193 0.60751337 0.5600145 0.58418745 0.49910134 0.55042976 0.5798526 0.5389674 0.5550036 0.56108016 0.59997165 0.54773676 0.54596126 0.54645145 0.54964817 0.5535316 0.48438397 0.51451665 0.5818585 0.53843117 0.5864856 0.54993683 0.48981816 0.5341802 0.5834197 0.5469591 0.5562734 0.58977896 0.54764104 0.48359376 0.4767401 0.5262977 0.51199234 0.5391792	
 accuracy: 62.86%
precision: 72.41%
   recall: 80.77%
       F1: 76.36%
      AUC: 51.28%
      NPV: 17.00%
*----------------------------------------------------------------------------------------------------------
DWI-C
<train_data>
1 1 1 1 0 0 1 0 1 0 1 0 0 0 1 0 1 1 1 0 0 1 1 1 1 1 0 1 1 0 1 1 1 1 0 0 0 0 1 0 1 1 0 0 1 1 0 1 1 0 1 1 1 1 0 1 1 0 0 1 0 0 1 0 1 1 1 1 1 1 0 0 0 1 0 1 1 0 1 1 1 1 0 1 1 1 1 0 1 0 1 1 0 0 1 1 0 0 1 1 1 0 1 1 1 1 0 1 1 1 1 1 0 1 1 0 0 0 1 1 1 1 1 1 1 1 0 0 1 0 1 1 0 1 1 0 1 1 1 1
1 1 1 1 0 0 1 0 1 0 1 0 0 0 1 0 1 1 1 0 0 1 1 1 1 1 0 1 1 0 1 1 1 1 0 0 0 0 1 0 1 1 0 0 1 1 0 1 1 0 1 1 1 1 0 1 1 0 0 1 0 0 1 0 1 1 1 1 1 1 0 0 0 1 0 1 1 0 1 1 1 1 0 1 1 1 1 1 1 0 1 1 0 0 1 1 0 0 1 1 1 0 1 1 1 1 0 1 1 1 1 1 0 1 1 0 0 0 1 1 1 1 1 1 1 1 0 0 1 0 1 1 0 1 1 0 1 1 1 1	
0.59099585 0.57791257 0.5723514 0.56979823 0.45093545 0.46275225 0.59670246 0.4351269 0.58883804 0.4667158 0.58617544 0.46907532 0.44754797 0.4614799 0.55389416 0.4498735 0.578534 0.5673187 0.58165044 0.465346 0.44158638 0.5675381 0.57917607 0.5472641 0.5763201 0.6084465 0.4498172 0.58214206 0.59472203 0.44815 0.58055794 0.5680641 0.5901152 0.5944409 0.43695137 0.44558457 0.45240897 0.4827039 0.5853668 0.45724422 0.58483 0.5888028 0.43951052 0.46100798 0.56047004 0.5648288 0.4508247 0.56569326 0.60359424 0.45069987 0.5683865 0.5739002 0.5861289 0.5813662 0.44052863 0.5575867 0.5972192 0.48764965 0.44767737 0.5764554 0.44752857 0.4632608 0.58098125 0.4709834 0.5947956 0.5938167 0.57251793 0.58152294 0.57113224 0.59027356 0.45111403 0.44921502 0.4322132 0.57918465 0.47410345 0.5608064 0.56734955 0.47119704 0.56199354 0.57535815 0.5955141 0.5846564 0.45170364 0.5750375 0.5768308 0.5960038 0.6072542 0.5025341 0.55933714 0.4454192 0.5607126 0.56727433 0.45627084 0.47408223 0.57766634 0.59417677 0.443328 0.4451368 0.5721627 0.56094956 0.5834482 0.45738837 0.58781683 0.5847958 0.58423215 0.555152 0.46249956 0.5692233 0.58583736 0.56400853 0.56468266 0.6015371 0.48232457 0.5825411 0.56867737 0.4566248 0.45510623 0.45910507 0.5869851 0.60700405 0.57232416 0.5750735 0.5725707 0.5828597 0.5616529 0.5674363 0.4486778 0.44385293 0.5828788 0.43898883 0.5891798 0.57453746 0.4524404 0.6018069 0.5640693 0.4587343 0.58920497 0.58819973 0.5738579 0.5958367	
 accuracy: 99.29%
precision: 98.90%
   recall: 100.00%
       F1: 99.45%
      AUC: 100.00%

<test_data>
1 1 1 0 0 1 1 1 1 0 1 0 1 1 0 1 1 1 0 1 1 1 1 1 0 1 1 1 1 1 1 0 1 1 0	
0 1 1 1 1 1 1 1 1 1 1 1 1 1 1 1 1 1 0 1 1 1 1 0 1 1 1 1 1 1 0 0 1 1 1	
0.46028855 0.5092268 0.5463525 0.50328314 0.50168765 0.53235316 0.5244178 0.56964016 0.56475425 0.52359176 0.53439105 0.5887538 0.5316081 0.5146114 0.5227588 0.53937435 0.5358614 0.5039279 0.4995015 0.5656898 0.5183903 0.55898714 0.5406094 0.48322633 0.55103594 0.5562075 0.51864684 0.5373243 0.50995195 0.52730876 0.4826738 0.4650944 0.5375791 0.5074004 0.522191	
 accuracy: 71.43%
precision: 76.67%
   recall: 88.46%
       F1: 82.14%
      AUC: 62.82%
      NPV: 40.00%
*----------------------------------------------------------------------------------------------------------
DWI-M
<train_data>
1 1 1 1 0 0 1 0 1 0 1 0 0 0 1 0 1 1 1 0 0 1 1 1 1 1 0 1 1 0 1 1 1 1 0 0 0 0 1 0 1 1 0 0 1 1 0 1 1 0 1 1 1 1 0 1 1 0 0 1 0 0 1 0 1 1 1 1 1 1 0 0 0 1 0 1 1 0 1 1 1 1 0 1 1 1 1 0 1 0 1 1 0 0 1 1 0 0 1 1 1 0 1 1 1 1 0 1 1 1 1 1 0 1 1 0 0 0 1 1 1 1 1 1 1 1 0 0 1 0 1 1 0 1 1 0 1 1 1 1
1 1 1 1 0 0 1 0 1 0 1 0 0 0 1 0 1 1 1 0 0 1 1 1 1 1 0 1 1 0 1 1 1 1 0 0 0 0 1 0 1 1 0 0 1 1 0 1 1 0 1 1 1 1 0 1 1 0 0 1 0 0 1 0 1 1 1 1 1 1 0 0 0 1 0 1 1 0 1 1 1 1 0 1 1 1 1 0 1 0 1 1 0 0 1 1 0 0 1 1 1 0 1 1 1 1 0 1 1 1 1 1 0 1 1 0 0 0 1 1 1 1 1 1 1 1 0 0 1 0 1 1 0 1 1 0 1 1 1 1	
0.60812575 0.5888295 0.51954615 0.57221407 0.42876127 0.4241457 0.61588633 0.4488329 0.6049991 0.4850103 0.60610867 0.46349746 0.43288267 0.4618595 0.58413225 0.47239202 0.59090906 0.6027887 0.5736369 0.47330287 0.4667705 0.5838122 0.57420015 0.6014001 0.5705523 0.5980089 0.43137035 0.6018624 0.60718715 0.4203079 0.5874774 0.5822819 0.5624336 0.60916066 0.44401234 0.46139452 0.46161377 0.4749642 0.57284003 0.43905666 0.59303176 0.60063595 0.4333393 0.4431839 0.5637269 0.5509198 0.4460176 0.5928805 0.5881101 0.44638377 0.6047739 0.58361626 0.6030365 0.6090778 0.4252215 0.5586511 0.6071967 0.46601337 0.4242661 0.59137404 0.44421732 0.4767207 0.6004037 0.46603295 0.58928376 0.54697853 0.5798589 0.5816383 0.5442348 0.5712032 0.43516564 0.44804746 0.42202747 0.595347 0.46517074 0.5653117 0.5291512 0.46332875 0.5548349 0.5893572 0.61601627 0.57776517 0.48727542 0.5890648 0.6051606 0.60122347 0.6074121 0.4643955 0.5784097 0.43908453 0.54714954 0.53715456 0.46226263 0.44684362 0.5853915 0.60695523 0.47369072 0.43818414 0.55760455 0.55515337 0.56343263 0.4378611 0.59242696 0.5692354 0.59115785 0.5746101 0.45912448 0.59142977 0.5652823 0.5477995 0.56365 0.5878714 0.4760879 0.6013399 0.60613334 0.46163338 0.46525463 0.43172267 0.58316404 0.60371625 0.58282256 0.54876924 0.58664155 0.58719546 0.5883931 0.5753827 0.4229989 0.42429104 0.59932333 0.41412923 0.5737101 0.5778253 0.443398 0.6056632 0.5755571 0.46525267 0.6041678 0.6024174 0.56048244 0.6096852	
 accuracy: 100.00%
precision: 100.00%
   recall: 100.00%
       F1: 100.00%
      AUC: 100.00%

<test_data>
1 1 1 0 0 1 1 1 1 0 1 0 1 1 0 1 1 1 0 1 1 1 1 1 0 1 1 1 1 1 1 0 1 1 0	
0 1 1 1 0 1 1 1 1 0 1 1 0 1 1 1 1 1 0 1 1 1 1 1 1 1 1 1 1 1 1 1 1 1 1	
0.46228278 0.5482678 0.6070268 0.5542927 0.4493743 0.55851865 0.53586864 0.57914 0.531513 0.4648642 0.52906716 0.5822313 0.47706023 0.54266775 0.5355496 0.5724942 0.5183881 0.54153466 0.4604449 0.5581306 0.58449894 0.5238739 0.55609584 0.5529263 0.56198484 0.5387121 0.5540375 0.58891946 0.58549947 0.50287765 0.50756407 0.5150532 0.56194323 0.53579193 0.5673036	
 accuracy: 77.14%
precision: 80.00%
   recall: 92.31%
       F1: 85.71%
      AUC: 61.11%
      NPV: 60.00%
*----------------------------------------------------------------------------------------------------------
DWI-P
<train_data>
1 1 1 1 0 0 1 0 1 0 1 0 0 0 1 0 1 1 1 0 0 1 1 1 1 1 0 1 1 0 1 1 1 1 0 0 0 0 1 0 1 1 0 0 1 1 0 1 1 0 1 1 1 1 0 1 1 0 0 1 0 0 1 0 1 1 1 1 1 1 0 0 0 1 0 1 1 0 1 1 1 1 0 1 1 1 1 0 1 0 1 1 0 0 1 1 0 0 1 1 1 0 1 1 1 1 0 1 1 1 1 1 0 1 1 0 0 0 1 1 1 1 1 1 1 1 0 0 1 0 1 1 0 1 1 0 1 1 1 1
1 1 1 1 0 0 1 0 1 0 1 0 0 0 1 0 1 1 1 0 0 1 1 1 1 1 0 1 1 0 1 1 1 1 0 0 0 0 1 0 1 1 0 0 1 1 0 1 1 0 1 1 1 1 0 1 1 0 0 1 0 0 1 0 1 1 1 1 1 1 0 0 0 1 0 1 1 0 1 1 1 1 0 1 1 1 1 0 1 0 1 1 0 0 1 1 0 0 1 1 1 0 1 1 1 1 0 1 1 1 1 1 0 1 1 0 0 0 1 1 1 1 1 1 1 1 0 0 1 0 1 1 0 1 1 0 1 1 1 1	
0.5819742 0.57704395 0.5972676 0.59086645 0.4389814 0.43713543 0.5808649 0.4573452 0.5985494 0.46367574 0.60082877 0.44716758 0.44122162 0.47480032 0.59091073 0.46817303 0.5811276 0.5909423 0.60414875 0.47343558 0.4483099 0.5605867 0.56269664 0.58944356 0.5810877 0.5949932 0.4291799 0.6050953 0.6042224 0.4544412 0.57482284 0.5693996 0.59434164 0.5970956 0.470217 0.44951177 0.45765793 0.4985054 0.55469936 0.4585559 0.583363 0.61866814 0.4390418 0.43501002 0.5685295 0.56578535 0.43500245 0.6031619 0.60091424 0.45994183 0.6038263 0.61169434 0.6021588 0.61102754 0.43707576 0.5737791 0.5997558 0.4371214 0.45042375 0.60513973 0.4566799 0.4636745 0.5755647 0.4764353 0.5781838 0.6111999 0.6053036 0.5690778 0.54925483 0.613452 0.44383118 0.4369569 0.44150075 0.5724762 0.4807569 0.5986363 0.5623739 0.46096104 0.6012256 0.5858463 0.5793713 0.59114826 0.43747512 0.60216206 0.58658487 0.60556805 0.5919381 0.45751446 0.60029715 0.43928438 0.56429714 0.5879878 0.4653903 0.42842072 0.5664776 0.5860899 0.44423503 0.43545845 0.5669665 0.58817923 0.57454485 0.4719561 0.5630309 0.5722478 0.5714113 0.5899451 0.47616887 0.5752848 0.6005862 0.5581904 0.52973866 0.57953084 0.47937873 0.5990691 0.5369021 0.46835807 0.46905154 0.46583533 0.5734756 0.59742045 0.5667245 0.578142 0.59683406 0.60840446 0.5837009 0.5811297 0.4414083 0.42776653 0.5986218 0.43465218 0.61268145 0.55685645 0.45136803 0.61194223 0.57745975 0.4300021 0.5874738 0.6105526 0.5640307 0.60861737	
 accuracy: 100.00%
precision: 100.00%
   recall: 100.00%
       F1: 100.00%
      AUC: 100.00%

<test_data>
1 1 1 0 0 1 1 1 1 0 1 0 1 1 0 1 1 1 0 1 1 1 1 1 0 1 1 1 1 1 1 0 1 1 0	
1 1 1 1 1 1 1 1 1 1 1 1 0 1 0 1 1 1 0 1 1 1 1 0 0 1 1 1 1 0 1 1 1 1 0	
0.50200015 0.55690914 0.59664124 0.58886474 0.504901 0.54364026 0.52501357 0.54368246 0.5629538 0.58611256 0.5403159 0.5976429 0.49887255 0.56308717 0.4692024 0.6074231 0.5740302 0.54950726 0.46099532 0.5972295 0.5464619 0.58378273 0.52474564 0.4749754 0.49501228 0.5618498 0.54431087 0.58012575 0.52755255 0.48163313 0.5332307 0.54705703 0.5634137 0.5205726 0.4753645	
 accuracy: 77.14%
precision: 82.14%
   recall: 88.46%
       F1: 85.19%
      AUC: 60.68%
      NPV: 57.00%
*----------------------------------------------------------------------------------------------------------
T2WI+DWI-C
<train_data>
1 1 1 1 0 0 1 0 1 0 1 0 0 0 1 0 1 1 1 0 0 1 1 1 1 1 0 1 1 0 1 1 1 1 0 0 0 0 1 0 1 1 0 0 1 1 0 1 1 0 1 1 1 1 0 1 1 0 0 1 0 0 1 0 1 1 1 1 1 1 0 0 0 1 0 1 1 0 1 1 1 1 0 1 1 1 1 0 1 0 1 1 0 0 1 1 0 0 1 1 1 0 1 1 1 1 0 1 1 1 1 1 0 1 1 0 0 0 1 1 1 1 1 1 1 1 0 0 1 0 1 1 0 1 1 0 1 1 1 1
1 1 1 1 0 0 1 0 1 0 1 0 0 0 1 0 1 1 1 0 0 1 1 1 1 1 0 1 1 0 1 1 1 1 0 0 0 0 1 0 1 1 0 0 1 1 0 1 1 0 1 1 1 1 0 1 1 0 0 1 0 0 1 0 1 1 1 1 1 1 0 0 0 1 0 1 1 0 1 1 1 1 0 1 1 1 1 0 1 0 1 1 0 0 1 1 0 0 1 1 1 0 1 1 1 1 0 1 1 1 1 1 0 1 1 0 0 0 1 1 1 1 1 1 1 1 0 0 1 0 1 1 0 1 1 0 1 1 1 1	
0.6008671 0.5684809 0.5919475 0.5791341 0.45795795 0.44729152 0.57604605 0.44591668 0.6026908 0.4535462 0.58678824 0.45252213 0.47003156 0.4453145 0.58771014 0.4309734 0.58058614 0.5722858 0.5703343 0.4334886 0.45731542 0.5848376 0.58988255 0.57611996 0.59058 0.5727273 0.44165227 0.5994334 0.59601784 0.43991596 0.5542435 0.5666081 0.57244164 0.59618115 0.45243222 0.45174882 0.4593547 0.4603209 0.59497035 0.43224886 0.56768525 0.6059271 0.4568449 0.4383981 0.58275163 0.5504107 0.4472412 0.5919157 0.5678106 0.45598885 0.5964107 0.5936214 0.5884144 0.5788782 0.45250362 0.59049016 0.5957554 0.45088726 0.46726966 0.59066844 0.47028348 0.46027628 0.593631 0.43899685 0.56886476 0.5952684 0.566539 0.58199555 0.5836944 0.60697323 0.44850338 0.44325715 0.43207636 0.5870898 0.46513757 0.5799635 0.55787575 0.47519156 0.5868658 0.5822886 0.59526306 0.60001653 0.4490203 0.59685415 0.57040614 0.5957259 0.58946055 0.4768487 0.58109355 0.4353291 0.5738551 0.54985094 0.4562536 0.45737177 0.58161414 0.5993972 0.44790718 0.45787784 0.5675486 0.595 0.5990224 0.445992 0.5664511 0.5979162 0.5915271 0.5834043 0.45617124 0.59622127 0.5858889 0.5521778 0.5923961 0.57925516 0.44905615 0.59249943 0.59479564 0.46510646 0.45586178 0.44514334 0.5679764 0.60509795 0.5575066 0.5881804 0.5772145 0.57819927 0.5786207 0.5670246 0.47545087 0.44602537 0.5945145 0.43961644 0.5917729 0.58308554 0.44492355 0.5947844 0.5854689 0.44689435 0.59150106 0.59620744 0.5782368 0.59406	
 accuracy: 100.00%
precision: 100.00%
   recall: 100.00%
       F1: 100.00%
      AUC: 100.00%

<test_data>
1 1 1 0 0 1 1 1 1 0 1 0 1 1 0 1 1 1 0 1 1 1 1 1 0 1 1 1 1 1 1 0 1 1 0	
0 0 1 0 1 1 1 1 1 1 0 1 1 1 1 1 1 1 1 1 1 1 1 1 0 1 1 1 1 1 1 0 1 1 0	
0.48420843 0.48523957 0.5843641 0.45930392 0.5631097 0.5633155 0.52958584 0.5226224 0.5460299 0.5318792 0.49163428 0.5280518 0.56075245 0.51856 0.5241475 0.54293805 0.58229643 0.55004805 0.53669745 0.5429584 0.56501836 0.5741222 0.52070224 0.5307585 0.46972814 0.5318617 0.5575373 0.54115385 0.554908 0.5611575 0.5339088 0.4798933 0.5555432 0.5647876 0.48880503	
 accuracy: 77.14%
precision: 82.14%
   recall: 88.46%
       F1: 85.19%
      AUC: 77.35%
      NPV: 57.00%
*----------------------------------------------------------------------------------------------------------
T2WI+DWI-M
<train_data>
1 1 1 1 0 0 1 0 1 0 1 0 0 0 1 0 1 1 1 0 0 1 1 1 1 1 0 1 1 0 1 1 1 1 0 0 0 0 1 0 1 1 0 0 1 1 0 1 1 0 1 1 1 1 0 1 1 0 0 1 0 0 1 0 1 1 1 1 1 1 0 0 0 1 0 1 1 0 1 1 1 1 0 1 1 1 1 0 1 0 1 1 0 0 1 1 0 0 1 1 1 0 1 1 1 1 0 1 1 1 1 1 0 1 1 0 0 0 1 1 1 1 1 1 1 1 0 0 1 0 1 1 0 1 1 0 1 1 1 1
1 1 1 1 0 0 1 0 1 0 1 0 0 0 1 0 1 1 1 0 0 1 1 1 1 1 0 1 1 0 1 1 1 1 0 0 0 0 1 0 1 1 0 0 1 1 0 1 1 0 1 1 1 1 0 1 1 0 0 1 0 0 1 0 1 1 1 1 1 1 0 0 0 1 0 1 1 0 1 1 1 1 0 1 1 1 1 0 1 0 1 1 0 0 1 1 0 0 1 1 1 0 1 1 1 1 0 1 1 1 1 1 0 1 1 0 0 0 1 1 1 1 1 1 1 1 0 0 1 0 1 1 0 1 1 0 1 1 1 1	
0.60589665 0.59090036 0.58156884 0.5372193 0.4400125 0.4360309 0.59146357 0.43373606 0.5859126 0.44300127 0.59294 0.45489264 0.46340454 0.43189576 0.60487926 0.4352209 0.5592377 0.5872294 0.5656847 0.43170455 0.43527433 0.5417615 0.5926122 0.6041991 0.5906664 0.60902345 0.42507875 0.58641785 0.58124536 0.43297502 0.56356055 0.58838826 0.58812493 0.6137147 0.45513347 0.4575909 0.46511692 0.44132292 0.58531624 0.432613 0.573796 0.58134866 0.46044946 0.424972 0.5899081 0.5696541 0.43542802 0.6100354 0.58726037 0.46706855 0.56820023 0.58658355 0.5743006 0.6010126 0.44429228 0.5733311 0.56071407 0.43823242 0.48250487 0.56923276 0.46055552 0.44542146 0.55236834 0.42128155 0.57124877 0.58576304 0.59993964 0.5614486 0.583677 0.5643889 0.45314425 0.45050246 0.42592835 0.60021216 0.43458912 0.5746966 0.58718055 0.46403357 0.5893252 0.5655927 0.55794775 0.5779509 0.4349567 0.59088975 0.5741238 0.5992042 0.5991505 0.45779264 0.5666895 0.45830223 0.58127046 0.59742194 0.4422553 0.45533472 0.60392314 0.60431314 0.45402512 0.45297462 0.56181175 0.5652325 0.5831346 0.45414197 0.5702465 0.56980956 0.59948254 0.56373 0.4688097 0.5723472 0.60516477 0.5982941 0.5881123 0.5741101 0.47320893 0.59111696 0.59379345 0.45225644 0.46020594 0.45299459 0.59052956 0.61417705 0.59829015 0.59329414 0.602505 0.5659796 0.5836449 0.5916348 0.45815247 0.45599857 0.60915446 0.45828298 0.6002435 0.59819907 0.42541018 0.59571224 0.5784967 0.4750009 0.6077037 0.5863699 0.5714396 0.60672253	
 accuracy: 100.00%
precision: 100.00%
   recall: 100.00%
       F1: 100.00%
      AUC: 100.00%

<test_data>
1 1 1 0 0 1 1 1 1 0 1 0 1 1 0 1 1 1 0 1 1 1 1 1 0 1 1 1 1 1 1 0 1 1 0	
0 0 1 0 0 1 1 1 1 0 1 0 1 1 1 1 1 1 1 1 0 1 1 1 0 1 1 1 1 1 0 1 1 1 1	
0.4910833 0.4958486 0.5841957 0.4761544 0.49976748 0.56915504 0.5264888 0.50122344 0.5084878 0.49031654 0.5075014 0.46540904 0.5497197 0.51661736 0.53324187 0.5615291 0.5774214 0.577759 0.516235 0.52670836 0.49647757 0.51494044 0.53339744 0.54378134 0.47055238 0.5155304 0.5353204 0.53257877 0.5383327 0.5719686 0.4923641 0.53466034 0.50317234 0.507665 0.5069444	
 accuracy: 77.14%
precision: 84.62%
   recall: 84.62%
       F1: 84.62%
      AUC: 77.78%
      NPV: 56.00%
*----------------------------------------------------------------------------------------------------------
T2WI+DWI-P
<train_data>
1 1 1 1 0 0 1 0 1 0 1 0 0 0 1 0 1 1 1 0 0 1 1 1 1 1 0 1 1 0 1 1 1 1 0 0 0 0 1 0 1 1 0 0 1 1 0 1 1 0 1 1 1 1 0 1 1 0 0 1 0 0 1 0 1 1 1 1 1 1 0 0 0 1 0 1 1 0 1 1 1 1 0 1 1 1 1 0 1 0 1 1 0 0 1 1 0 0 1 1 1 0 1 1 1 1 0 1 1 1 1 1 0 1 1 0 0 0 1 1 1 1 1 1 1 1 0 0 1 0 1 1 0 1 1 0 1 1 1 1
1 1 1 1 0 0 1 0 1 0 1 0 0 0 1 0 1 1 1 0 0 1 1 1 1 1 0 1 1 0 1 1 1 1 0 0 0 0 1 0 1 1 0 0 1 1 0 1 1 0 1 1 1 1 0 1 1 0 0 1 0 0 1 0 1 1 1 1 1 1 0 0 0 1 0 1 1 0 1 1 1 1 0 1 1 1 1 0 1 0 1 1 0 0 1 1 0 0 1 1 1 0 1 1 1 1 0 1 1 1 1 1 0 1 1 0 0 0 1 1 1 1 1 1 1 1 0 0 1 0 1 1 0 1 1 0 1 1 1 1	
0.5608358 0.55014336 0.60451066 0.58507806 0.44776165 0.43233463 0.56862766 0.44533944 0.6006553 0.47861388 0.6029477 0.47900173 0.45875716 0.43629304 0.55694747 0.43209755 0.5785364 0.6083767 0.579382 0.4385407 0.4559163 0.57681745 0.5819238 0.5961012 0.6045375 0.5971736 0.4544711 0.5896294 0.5763615 0.4374783 0.585337 0.5839759 0.55427116 0.6076661 0.49428385 0.45489404 0.44929615 0.46310747 0.5833584 0.43534198 0.60028774 0.58461887 0.43733653 0.43379465 0.59737676 0.58693445 0.43437675 0.596944 0.5895827 0.43765002 0.5864009 0.60772175 0.56831837 0.5806897 0.4335483 0.5776245 0.60957235 0.44320807 0.4509592 0.58432794 0.47725 0.43410155 0.5722165 0.4444124 0.5901422 0.59816027 0.5888458 0.6085164 0.569215 0.5883908 0.44647396 0.4577921 0.45674112 0.5784359 0.45001137 0.5584686 0.55372727 0.46830308 0.5725811 0.5994312 0.6131906 0.5732509 0.43279132 0.57233286 0.5798325 0.5753109 0.5955455 0.44639537 0.55277807 0.44417176 0.56068987 0.58769965 0.4365527 0.4494102 0.60745376 0.54254234 0.45905235 0.47125083 0.57648677 0.58598244 0.57393694 0.43952858 0.5762133 0.59140205 0.59326655 0.5866764 0.46638957 0.58644545 0.6014264 0.560177 0.6013137 0.6021914 0.440988 0.59599286 0.6063081 0.44738173 0.44193646 0.44764793 0.5982344 0.60487145 0.5956154 0.5992116 0.5993485 0.6066945 0.59618765 0.5710957 0.43928936 0.43275672 0.5940395 0.46174538 0.598557 0.55885947 0.44642442 0.58839047 0.589465 0.47568318 0.592752 0.609455 0.5726909 0.5873634	
 accuracy: 100.00%
precision: 100.00%
   recall: 100.00%
       F1: 100.00%
      AUC: 100.00%

<test_data>
1 1 1 0 0 1 1 1 1 0 1 0 1 1 0 1 1 1 0 1 1 1 1 1 0 1 1 1 1 1 1 0 1 1 0	
0 1 1 0 1 1 1 1 1 1 1 1 1 1 1 1 1 1 0 1 1 1 1 1 0 1 1 1 1 1 1 0 1 1 0	
0.49186495 0.50117666 0.5614334 0.46962684 0.5372307 0.5319158 0.568848 0.5398994 0.58834845 0.50438446 0.53595865 0.5577665 0.52861166 0.57685727 0.5668565 0.5983936 0.58749473 0.51647294 0.4721802 0.5531629 0.5117159 0.5629648 0.5611135 0.58166957 0.49362373 0.52307385 0.5233335 0.5338303 0.55445266 0.56924415 0.5399546 0.48948592 0.5853802 0.5423776 0.49541402	
 accuracy: 85.71%
precision: 86.21%
   recall: 96.15%
       F1: 90.91%
      AUC: 79.91%
      NPV: 83.00%
*----------------------------------------------------------------------------------------------------------
ADC+DWI-C
<train_data>
1 1 1 1 0 0 1 0 1 0 1 0 0 0 1 0 1 1 1 0 0 1 1 1 1 1 0 1 1 0 1 1 1 1 0 0 0 0 1 0 1 1 0 0 1 1 0 1 1 0 1 1 1 1 0 1 1 0 0 1 0 0 1 0 1 1 1 1 1 1 0 0 0 1 0 1 1 0 1 1 1 1 0 1 1 1 1 0 1 0 1 1 0 0 1 1 0 0 1 1 1 0 1 1 1 1 0 1 1 1 1 1 0 1 1 0 0 0 1 1 1 1 1 1 1 1 0 0 1 0 1 1 0 1 1 0 1 1 1 1
1 1 1 1 0 0 1 0 1 0 1 0 0 0 1 0 1 1 1 0 0 1 1 1 1 1 0 1 1 0 1 1 1 1 0 0 0 0 1 0 1 1 0 0 1 1 0 1 1 0 1 1 1 1 0 1 1 0 0 1 0 0 1 0 1 1 1 1 1 1 0 0 0 1 0 1 1 0 1 1 1 1 0 1 1 1 1 0 1 0 1 1 0 0 1 1 0 0 1 1 1 0 1 1 1 1 0 1 1 1 1 1 0 1 1 0 0 0 1 1 1 1 1 1 1 1 0 0 1 0 1 1 0 1 1 0 1 1 1 1	
0.58206284 0.561009 0.5928062 0.58504075 0.46202973 0.41858786 0.5834111 0.4614408 0.5931907 0.43772694 0.583746 0.47281232 0.46894813 0.45591107 0.55019176 0.4451112 0.6062139 0.5717356 0.5542591 0.44213945 0.44750765 0.54684734 0.5829517 0.57793796 0.5927818 0.593109 0.44520548 0.56254256 0.5875999 0.42936993 0.5798135 0.58998275 0.59376997 0.59553295 0.4401964 0.4529715 0.4641761 0.47055134 0.59375477 0.44040212 0.57936674 0.60296136 0.45248762 0.43462506 0.59354967 0.58962595 0.43391302 0.599088 0.5826219 0.46249375 0.5817703 0.59205186 0.5824741 0.58626944 0.45492083 0.5846955 0.6060252 0.42990398 0.42224625 0.5840809 0.4150233 0.44540054 0.5855479 0.45055488 0.5837715 0.5802314 0.5827428 0.58138794 0.59395695 0.59434384 0.43133593 0.4385541 0.45335206 0.59884053 0.46303684 0.5822769 0.5770533 0.47803932 0.5700366 0.5959931 0.6042452 0.5987404 0.45894852 0.5773885 0.58651257 0.58215743 0.56182164 0.45252115 0.5502424 0.42134753 0.5815488 0.5792355 0.4741883 0.45429322 0.5814874 0.59626526 0.45558974 0.45173496 0.57608944 0.57777214 0.6012794 0.4436442 0.59282964 0.58037716 0.557364 0.5866878 0.44836587 0.5867774 0.5718863 0.57850397 0.5897477 0.60135305 0.44613463 0.58668864 0.5783731 0.45541582 0.4385803 0.44189036 0.5878116 0.5888329 0.5819489 0.5950494 0.59343386 0.5597169 0.5858309 0.6015678 0.4670569 0.44790998 0.5639215 0.43911964 0.5810893 0.58404857 0.47275147 0.5716547 0.58520174 0.46267113 0.58548385 0.6007256 0.5840629 0.58173484	
 accuracy: 100.00%
precision: 100.00%
   recall: 100.00%
       F1: 100.00%
      AUC: 100.00%

<test_data>
1 1 1 0 0 1 1 1 1 0 1 0 1 1 0 1 1 1 0 1 1 1 1 1 0 1 1 1 1 1 1 0 1 1 0	
1 1 1 1 1 1 0 1 1 1 1 1 1 1 1 1 1 1 1 0 1 1 1 1 1 0 1 1 1 1 1 0 1 0 0	
0.5121214 0.53361744 0.5461014 0.57765687 0.54172194 0.5774569 0.4740586 0.55580044 0.52803814 0.5066485 0.5335452 0.51378286 0.579418 0.5395548 0.53586906 0.53456736 0.5161294 0.5736151 0.53290814 0.48518723 0.54387504 0.5273182 0.5593619 0.5015792 0.53843844 0.47515252 0.5297919 0.5584374 0.5695873 0.52352697 0.52244145 0.48469386 0.51482064 0.49069422 0.48333994	
 accuracy: 68.57%
precision: 75.86%
   recall: 84.62%
       F1: 80.00%
      AUC: 56.41%
      NPV: 33.00%
*----------------------------------------------------------------------------------------------------------
ADC+DWI-M
<train_data>
1 1 1 1 0 0 1 0 1 0 1 0 0 0 1 0 1 1 1 0 0 1 1 1 1 1 0 1 1 0 1 1 1 1 0 0 0 0 1 0 1 1 0 0 1 1 0 1 1 0 1 1 1 1 0 1 1 0 0 1 0 0 1 0 1 1 1 1 1 1 0 0 0 1 0 1 1 0 1 1 1 1 0 1 1 1 1 0 1 0 1 1 0 0 1 1 0 0 1 1 1 0 1 1 1 1 0 1 1 1 1 1 0 1 1 0 0 0 1 1 1 1 1 1 1 1 0 0 1 0 1 1 0 1 1 0 1 1 1 1
1 1 1 1 0 0 1 0 1 0 1 0 0 0 1 0 1 1 1 0 0 1 1 1 1 1 0 1 1 0 1 1 1 1 0 0 0 0 1 0 1 1 0 0 1 1 0 1 1 0 1 1 1 1 0 1 1 0 0 1 0 0 1 0 1 1 1 1 1 1 0 0 0 1 0 1 1 0 1 1 1 1 0 1 1 1 1 0 1 0 1 1 0 0 1 1 0 0 1 1 1 0 1 1 1 1 0 1 1 1 1 1 0 1 1 0 0 0 1 1 1 1 1 1 1 1 0 0 1 0 1 1 0 1 1 0 1 1 1 1	
0.57839423 0.572774 0.5668237 0.5813853 0.43398225 0.42033204 0.58021265 0.43612146 0.60047996 0.44296297 0.60109615 0.4690268 0.48023963 0.4444778 0.5740485 0.43339983 0.6053006 0.5798444 0.559916 0.45168674 0.46216983 0.5542786 0.6040621 0.5705543 0.5725748 0.59573627 0.4220603 0.5811977 0.5975015 0.43174925 0.5694174 0.5931322 0.5865038 0.60967904 0.42844135 0.43059355 0.44689173 0.46171948 0.5641783 0.4250873 0.5772309 0.6028014 0.4325887 0.46813786 0.5846997 0.57580686 0.41416684 0.6093353 0.575465 0.43698505 0.59548527 0.61006635 0.5759758 0.5761144 0.44379368 0.5702234 0.6041591 0.42637244 0.41506153 0.5806233 0.46173415 0.46321583 0.6002283 0.43678677 0.5768396 0.58079433 0.59925056 0.5863967 0.58704114 0.60334295 0.43035665 0.4229484 0.4530807 0.5653932 0.4405566 0.58479553 0.54201263 0.4609095 0.55486673 0.5867811 0.5913903 0.5770958 0.4592072 0.59933627 0.5792565 0.6090239 0.5787412 0.45279506 0.58080953 0.42802507 0.57931125 0.56662637 0.44792348 0.4464459 0.5952324 0.5880082 0.45929188 0.43857092 0.5898423 0.57391113 0.5902129 0.44283345 0.5865376 0.559998 0.57594925 0.5637939 0.48673365 0.59732664 0.57948005 0.5896162 0.57337195 0.600957 0.44452366 0.5946299 0.59334236 0.43905824 0.44294834 0.44536367 0.5757474 0.5891136 0.6003811 0.5959032 0.5958237 0.5511431 0.5816605 0.58702236 0.45904407 0.42836782 0.5645443 0.44660318 0.5894525 0.5951883 0.43318194 0.60332656 0.58539295 0.47097287 0.58657354 0.5832952 0.5651463 0.5989147	
 accuracy: 100.00%
precision: 100.00%
   recall: 100.00%
       F1: 100.00%
      AUC: 100.00%

<test_data>
1 1 1 0 0 1 1 1 1 0 1 0 1 1 0 1 1 1 0 1 1 1 1 1 0 1 1 1 1 1 1 0 1 1 0	
0 1 1 1 0 1 1 1 1 1 1 1 1 1 1 1 0 1 0 1 1 1 1 1 1 1 0 1 1 0 1 0 1 1 1	
0.44654858 0.5184539 0.51914966 0.53575873 0.49929896 0.5226441 0.5222584 0.5679222 0.5478329 0.50039333 0.52707034 0.5510536 0.57065696 0.54009545 0.5930186 0.5743162 0.49242097 0.58746845 0.47365725 0.5397341 0.54431623 0.5502369 0.5382085 0.5447187 0.5149231 0.5152412 0.4930976 0.5341682 0.5834418 0.47305742 0.5754047 0.43682522 0.55124784 0.50833476 0.5462766	
 accuracy: 71.43%
precision: 78.57%
   recall: 84.62%
       F1: 81.48%
      AUC: 61.97%
      NPV: 43.00%
*----------------------------------------------------------------------------------------------------------
ADC+DWI-P
<train_data>
1 1 1 1 0 0 1 0 1 0 1 0 0 0 1 0 1 1 1 0 0 1 1 1 1 1 0 1 1 0 1 1 1 1 0 0 0 0 1 0 1 1 0 0 1 1 0 1 1 0 1 1 1 1 0 1 1 0 0 1 0 0 1 0 1 1 1 1 1 1 0 0 0 1 0 1 1 0 1 1 1 1 0 1 1 1 1 0 1 0 1 1 0 0 1 1 0 0 1 1 1 0 1 1 1 1 0 1 1 1 1 1 0 1 1 0 0 0 1 1 1 1 1 1 1 1 0 0 1 0 1 1 0 1 1 0 1 1 1 1
1 1 1 1 0 0 1 0 1 0 1 0 0 0 1 0 1 1 1 0 0 1 1 1 1 1 0 1 1 0 1 1 1 1 0 0 0 0 1 0 1 1 0 0 1 1 0 1 1 0 1 1 1 1 0 1 1 0 0 1 0 0 1 0 1 1 1 1 1 1 0 0 0 1 0 1 1 0 1 1 1 1 0 1 1 1 1 0 1 0 1 1 0 0 1 1 0 0 1 1 1 0 1 1 1 1 0 1 1 1 1 1 0 1 1 0 0 0 1 1 1 1 1 1 1 1 0 0 1 0 1 1 0 1 1 0 1 1 1 1	
0.57968026 0.56437385 0.59256834 0.60188 0.47704133 0.42605427 0.59784716 0.46969217 0.590633 0.4285578 0.6065749 0.48419568 0.42760235 0.42216557 0.53091455 0.41678026 0.59445333 0.58486223 0.5957577 0.42119783 0.4634839 0.54431695 0.57776934 0.58728486 0.605971 0.566723 0.42146882 0.60221934 0.58539283 0.42183793 0.5970061 0.5878355 0.59632224 0.60285455 0.46407774 0.45982188 0.45703557 0.4473275 0.59138674 0.41837302 0.5898185 0.60645604 0.42468953 0.4338632 0.5874787 0.55946577 0.43706536 0.57174253 0.5929761 0.4429282 0.61080545 0.60539025 0.5808547 0.5936063 0.4494023 0.59242266 0.5982971 0.41549516 0.4159494 0.5603147 0.45630762 0.46480042 0.59206903 0.44244128 0.60215575 0.59411305 0.60475296 0.595076 0.59444034 0.60123074 0.41861874 0.4319029 0.45427236 0.59825736 0.48180696 0.5940281 0.5703447 0.48268235 0.55645293 0.5872231 0.6037698 0.60442317 0.4287688 0.5808025 0.57974505 0.5803379 0.5707303 0.44023147 0.5738549 0.4511632 0.5826324 0.5836918 0.44811094 0.48334855 0.60529643 0.58543724 0.49593478 0.4529575 0.5942024 0.58516675 0.60401154 0.42779875 0.59217197 0.5455191 0.5738063 0.5945712 0.43632248 0.5789965 0.6040565 0.60592186 0.5701265 0.59133196 0.42591676 0.5986456 0.551945 0.45877153 0.42173553 0.4272776 0.57568914 0.5813458 0.5831323 0.5962478 0.60532117 0.565945 0.5952119 0.6019035 0.43615493 0.42814997 0.58197373 0.49745598 0.60187864 0.54722923 0.43143433 0.5744355 0.5881104 0.4584321 0.59593225 0.6042543 0.5465761 0.59437704	
 accuracy: 100.00%
precision: 100.00%
   recall: 100.00%
       F1: 100.00%
      AUC: 100.00%

<test_data>
1 1 1 0 0 1 1 1 1 0 1 0 1 1 0 1 1 1 0 1 1 1 1 1 0 1 1 1 1 1 1 0 1 1 0	
1 1 1 1 1 1 1 1 1 0 1 1 1 1 1 1 1 1 0 0 1 1 1 1 1 1 1 1 1 0 1 0 1 0 1	
0.51450115 0.60218215 0.58449775 0.5779405 0.57130927 0.5528063 0.58107185 0.5162048 0.53959364 0.47155887 0.5553901 0.5874904 0.56730336 0.58765036 0.57177204 0.56957114 0.5198036 0.56526506 0.48515525 0.45107096 0.55390424 0.58721375 0.58146894 0.5027019 0.56655276 0.5892398 0.54962444 0.56840557 0.591011 0.49023947 0.52419204 0.44288975 0.53936774 0.4448487 0.50101703	
 accuracy: 74.29%
precision: 79.31%
   recall: 88.46%
       F1: 83.64%
      AUC: 58.12%
      NPV: 50.00%
*----------------------------------------------------------------------------------------------------------
T2WI+ADC-C
<train_data>
1 1 1 1 0 0 1 0 1 0 1 0 0 0 1 0 1 1 1 0 0 1 1 1 1 1 0 1 1 0 1 1 1 1 0 0 0 0 1 0 1 1 0 0 1 1 0 1 1 0 1 1 1 1 0 1 1 0 0 1 0 0 1 0 1 1 1 1 1 1 0 0 0 1 0 1 1 0 1 1 1 1 0 1 1 1 1 0 1 0 1 1 0 0 1 1 0 0 1 1 1 0 1 1 1 1 0 1 1 1 1 1 0 1 1 0 0 0 1 1 1 1 1 1 1 1 0 0 1 0 1 1 0 1 1 0 1 1 1 1
1 1 1 1 0 0 1 0 1 0 1 0 0 0 1 0 1 1 1 0 0 1 1 1 1 1 0 1 1 0 1 1 1 1 0 0 0 0 1 0 1 1 0 0 1 1 0 1 1 0 1 1 1 1 0 1 1 0 0 1 0 0 1 0 1 1 1 1 1 1 0 0 0 1 0 1 1 0 1 1 1 1 0 1 1 1 1 0 1 0 1 1 0 0 1 1 0 0 1 1 1 0 1 1 1 1 0 1 1 1 1 1 0 1 1 0 0 0 1 1 1 1 1 1 1 1 0 0 1 0 1 1 0 1 1 0 1 1 1 1	
0.59607166 0.5692871 0.582686 0.5670629 0.43913472 0.44647077 0.5814416 0.44305047 0.60383844 0.4464012 0.58629197 0.48550743 0.47690248 0.4497893 0.58337396 0.44110125 0.58162904 0.5542811 0.5682244 0.43836057 0.44469795 0.5758182 0.5887589 0.5685024 0.5876163 0.5818134 0.44973275 0.59743774 0.60762805 0.44155374 0.5431596 0.56744087 0.58562136 0.5977677 0.45003164 0.44267285 0.46391922 0.46986765 0.5986279 0.4375137 0.5685934 0.6021709 0.45369333 0.4383767 0.56769043 0.5650069 0.43840346 0.5839692 0.5784039 0.4567547 0.58107096 0.59643716 0.6005983 0.5784625 0.43556643 0.5869619 0.6035361 0.4420213 0.46040154 0.59617627 0.44992816 0.48120698 0.5935359 0.43946812 0.5728166 0.5961976 0.5685 0.5805428 0.58535796 0.60278136 0.43789372 0.44496053 0.4406986 0.5894429 0.46071345 0.57983255 0.562071 0.46701348 0.5763305 0.58424646 0.5929513 0.5997732 0.45573923 0.59573835 0.5666995 0.59737957 0.5951839 0.4575568 0.5911246 0.4387808 0.56931305 0.54353017 0.45102012 0.4506139 0.5951319 0.6051821 0.44622535 0.447042 0.56606305 0.5939302 0.602775 0.4482566 0.5742059 0.59633493 0.59150136 0.57963866 0.4625493 0.5876772 0.5812817 0.54800403 0.58743805 0.5853192 0.44380045 0.5912791 0.588748 0.46962464 0.4524428 0.44311798 0.56305534 0.60940164 0.5601944 0.5887889 0.5843121 0.58399737 0.5882608 0.5749885 0.45443797 0.4365606 0.57849735 0.44137457 0.5943162 0.5735126 0.4461008 0.5993807 0.5873307 0.4350559 0.60222477 0.59768933 0.5750064 0.5968169	
 accuracy: 100.00%
precision: 100.00%
   recall: 100.00%
       F1: 100.00%
      AUC: 100.00%

<test_data>
1 1 1 0 0 1 1 1 1 0 1 0 1 1 0 1 1 1 0 1 1 1 1 1 0 1 1 1 1 1 1 0 1 1 0	
1 0 1 0 1 1 1 1 1 1 1 1 1 1 1 1 1 1 1 0 1 1 1 1 1 1 1 1 1 1 1 0 1 1 1	
0.5129957 0.4896762 0.5771629 0.48300552 0.55863696 0.54349464 0.5466379 0.51349175 0.5074636 0.5287537 0.5099726 0.52710706 0.5829657 0.53223926 0.50612855 0.53207386 0.5720492 0.5047154 0.5505822 0.48782855 0.5631337 0.5597014 0.52802265 0.52365595 0.5009238 0.54341656 0.5313022 0.5556496 0.5177018 0.5755378 0.52171576 0.48939648 0.5350109 0.5506087 0.5030616	
 accuracy: 74.29%
precision: 77.42%
   recall: 92.31%
       F1: 84.21%
      AUC: 71.37%
      NPV: 50.00%
*----------------------------------------------------------------------------------------------------------
T2WI+ADC-M
<train_data>
1 1 1 1 0 0 1 0 1 0 1 0 0 0 1 0 1 1 1 0 0 1 1 1 1 1 0 1 1 0 1 1 1 1 0 0 0 0 1 0 1 1 0 0 1 1 0 1 1 0 1 1 1 1 0 1 1 0 0 1 0 0 1 0 1 1 1 1 1 1 0 0 0 1 0 1 1 0 1 1 1 1 0 1 1 1 1 0 1 0 1 1 0 0 1 1 0 0 1 1 1 0 1 1 1 1 0 1 1 1 1 1 0 1 1 0 0 0 1 1 1 1 1 1 1 1 0 0 1 0 1 1 0 1 1 0 1 1 1 1
1 1 1 1 0 0 1 0 1 0 1 0 0 0 1 0 1 1 1 0 0 1 1 1 1 1 0 1 1 0 1 1 1 1 0 0 0 0 1 0 1 1 0 0 1 1 0 1 1 0 1 1 1 1 0 1 1 0 0 1 0 0 1 0 1 1 1 1 1 1 0 0 0 1 0 1 1 0 1 1 1 1 0 1 1 1 1 0 1 0 1 1 0 0 1 1 0 0 1 1 1 0 1 1 1 1 0 1 1 1 1 1 0 1 1 0 0 0 1 1 1 1 1 1 1 1 0 0 1 0 1 1 0 1 1 0 1 1 1 1	
0.5937447 0.5895177 0.58576566 0.5429986 0.4250493 0.4197527 0.5919463 0.43611363 0.589117 0.43991104 0.5926814 0.44992477 0.48786208 0.42212388 0.58368033 0.43513963 0.5673506 0.59460074 0.5585945 0.44191957 0.4478432 0.51430315 0.594681 0.5870613 0.58210355 0.5925353 0.42087874 0.5959772 0.5878128 0.42722058 0.5852196 0.5793381 0.5748297 0.59763557 0.42930448 0.47033885 0.44188654 0.42493215 0.58064955 0.42826098 0.58419454 0.5939631 0.46027443 0.43528786 0.5709186 0.58134466 0.41911355 0.59649557 0.5808445 0.4502596 0.57282186 0.58358544 0.59149224 0.58420056 0.44911742 0.60029674 0.5501732 0.43970153 0.46494558 0.5852183 0.47555918 0.46072632 0.56927234 0.4133457 0.57320017 0.5869781 0.5878427 0.56847805 0.5946579 0.58597916 0.4498109 0.45097288 0.43659964 0.5873368 0.43259746 0.5711936 0.5833327 0.4716225 0.58998156 0.5847654 0.561548 0.5672592 0.4378718 0.5944584 0.5899175 0.60093683 0.6072372 0.46533906 0.56555796 0.43858352 0.5851274 0.6002529 0.44336793 0.44581288 0.592114 0.59262276 0.46870404 0.4465053 0.56634474 0.5692155 0.60456383 0.45826843 0.571696 0.5686324 0.6012766 0.5727168 0.4598218 0.55952704 0.59275174 0.59814274 0.6004365 0.5884458 0.45626128 0.58286506 0.5956886 0.44707912 0.45239985 0.45623815 0.5908106 0.5999068 0.5953636 0.5920094 0.59642506 0.5847456 0.57874966 0.5822797 0.4751079 0.44172475 0.6033916 0.44586283 0.5960218 0.57875305 0.42983207 0.59567136 0.5717638 0.43764913 0.59940815 0.57309264 0.5853655 0.58878756	
 accuracy: 100.00%
precision: 100.00%
   recall: 100.00%
       F1: 100.00%
      AUC: 100.00%

<test_data>
1 1 1 0 0 1 1 1 1 0 1 0 1 1 0 1 1 1 0 1 1 1 1 1 0 1 1 1 1 1 1 0 1 1 0	
1 1 1 0 1 1 0 1 1 0 0 1 1 1 0 1 1 1 1 1 0 1 1 1 0 1 1 1 1 1 0 1 0 1 0	
0.5324307 0.50263965 0.56211495 0.4676544 0.5255576 0.5286637 0.48808706 0.50618845 0.5400165 0.43391055 0.48054683 0.5274481 0.55038154 0.51227975 0.49649265 0.55174077 0.5833976 0.52708304 0.54338646 0.53061366 0.49273717 0.50705814 0.52076346 0.5327768 0.4611281 0.52829134 0.53159064 0.5154074 0.5210818 0.56640244 0.46055877 0.5293949 0.4582129 0.54653835 0.49826092	
 accuracy: 74.29%
precision: 84.00%
   recall: 80.77%
       F1: 82.35%
      AUC: 68.38%
      NPV: 50.00%
*----------------------------------------------------------------------------------------------------------
T2WI+ADC-P
<train_data>
1 1 1 1 0 0 1 0 1 0 1 0 0 0 1 0 1 1 1 0 0 1 1 1 1 1 0 1 1 0 1 1 1 1 0 0 0 0 1 0 1 1 0 0 1 1 0 1 1 0 1 1 1 1 0 1 1 0 0 1 0 0 1 0 1 1 1 1 1 1 0 0 0 1 0 1 1 0 1 1 1 1 0 1 1 1 1 0 1 0 1 1 0 0 1 1 0 0 1 1 1 0 1 1 1 1 0 1 1 1 1 1 0 1 1 0 0 0 1 1 1 1 1 1 1 1 0 0 1 0 1 1 0 1 1 0 1 1 1 1
1 1 1 1 0 0 1 0 1 0 1 0 0 0 1 0 1 1 1 0 0 1 1 1 1 1 0 1 1 0 1 1 1 1 0 0 0 0 1 0 1 1 0 0 1 1 0 1 1 0 1 1 1 1 0 1 1 0 0 1 0 0 1 0 1 1 1 1 1 1 0 0 0 1 0 1 1 0 1 1 1 1 0 1 1 1 1 0 1 0 1 1 0 0 1 1 0 0 1 1 1 0 1 1 1 1 0 1 1 1 1 1 0 1 1 0 0 0 1 1 1 1 1 1 1 1 0 0 1 0 1 1 0 1 1 0 1 1 1 1	
0.5983504 0.54759794 0.59558856 0.58129835 0.44067785 0.4369127 0.5677576 0.44328615 0.6017872 0.44283307 0.59240115 0.4960087 0.45093754 0.4365516 0.591523 0.4389236 0.585428 0.59918064 0.59504 0.43628094 0.44491166 0.56084883 0.5746459 0.5920993 0.60087585 0.567575 0.441256 0.6030615 0.5862769 0.43721148 0.56780577 0.58860767 0.5483812 0.5627927 0.45679155 0.45709702 0.44056612 0.4466958 0.5721086 0.433695 0.5937534 0.5984694 0.4402427 0.45567018 0.59848326 0.582825 0.4388711 0.59236383 0.59873235 0.43483415 0.58317864 0.60661894 0.5918036 0.576065 0.46396264 0.5842679 0.60371155 0.45801875 0.48470438 0.6028877 0.47579855 0.46038252 0.59590226 0.45674908 0.5891094 0.5908322 0.5924934 0.5901859 0.6000881 0.58175343 0.4685228 0.46611944 0.46436614 0.58343416 0.43840382 0.58305126 0.5500513 0.46154556 0.5934169 0.6013198 0.5857603 0.599833 0.44283625 0.5818377 0.57979184 0.57033646 0.59158623 0.47822228 0.54499257 0.43940154 0.5440878 0.57110715 0.44879487 0.44101468 0.5835692 0.5697447 0.47011057 0.45691904 0.5592367 0.5930245 0.57781214 0.4401508 0.57755196 0.5987764 0.6023078 0.59141445 0.4510798 0.6011357 0.6009023 0.5715675 0.58845586 0.5989109 0.45902744 0.59089226 0.5986496 0.45095813 0.4361882 0.46379837 0.5865093 0.5994764 0.58901453 0.5995815 0.60034484 0.5954205 0.5778368 0.5931771 0.44409204 0.43630674 0.57863206 0.45166656 0.59396005 0.5551344 0.4397432 0.59636736 0.58195996 0.45450845 0.6028325 0.60637575 0.55368733 0.60876626	
 accuracy: 100.00%
precision: 100.00%
   recall: 100.00%
       F1: 100.00%
      AUC: 100.00%

<test_data>
1 1 1 0 0 1 1 1 1 0 1 0 1 1 0 1 1 1 0 1 1 1 1 1 0 1 1 1 1 1 1 0 1 1 0	
0 0 1 0 1 1 1 1 1 1 1 1 1 1 1 1 1 1 1 1 0 1 1 1 1 0 1 1 1 1 0 0 1 1 1	
0.48175848 0.49616393 0.5845797 0.46515834 0.56866175 0.51981163 0.5664649 0.5558561 0.5717877 0.5613936 0.5455365 0.5010313 0.5363985 0.55765975 0.52418286 0.5742514 0.58456093 0.5388172 0.50077796 0.530526 0.48898444 0.58766 0.5678003 0.5474702 0.55654514 0.48684838 0.54562914 0.54491043 0.51049185 0.56641734 0.48502755 0.4730601 0.50619954 0.5571786 0.54470223	
 accuracy: 65.71%
precision: 75.00%
   recall: 80.77%
       F1: 77.78%
      AUC: 64.10%
      NPV: 29.00%
*----------------------------------------------------------------------------------------------------------
T2WI+ADC+DWI-C
<train_data>
1 1 1 1 0 0 1 0 1 0 1 0 0 0 1 0 1 1 1 0 0 1 1 1 1 1 0 1 1 0 1 1 1 1 0 0 0 0 1 0 1 1 0 0 1 1 0 1 1 0 1 1 1 1 0 1 1 0 0 1 0 0 1 0 1 1 1 1 1 1 0 0 0 1 0 1 1 0 1 1 1 1 0 1 1 1 1 0 1 0 1 1 0 0 1 1 0 0 1 1 1 0 1 1 1 1 0 1 1 1 1 1 0 1 1 0 0 0 1 1 1 1 1 1 1 1 0 0 1 0 1 1 0 1 1 0 1 1 1 1
1 1 1 1 0 0 1 0 1 0 1 0 0 0 1 0 1 1 1 0 0 1 1 1 1 1 0 1 1 0 1 1 1 1 0 0 0 0 1 0 1 1 0 0 1 1 0 1 1 0 1 1 1 1 0 1 1 0 0 1 0 0 1 0 1 1 1 1 1 1 0 0 0 1 0 1 1 0 1 1 1 1 0 1 1 1 1 0 1 0 1 1 0 0 1 1 0 0 1 1 1 0 1 1 1 1 0 1 1 1 1 1 0 1 1 0 0 0 1 1 1 1 1 1 1 1 0 0 1 0 1 1 0 1 1 0 1 1 1 1	
0.5935579 0.56861264 0.5890865 0.57196814 0.44123295 0.4382696 0.5824579 0.44642082 0.6023894 0.4487459 0.5854892 0.4758496 0.46674716 0.4497591 0.5823199 0.4379434 0.5820012 0.5690953 0.56974506 0.43619335 0.44667512 0.58222616 0.57997733 0.5776132 0.5853494 0.5759697 0.4424685 0.5931439 0.59979653 0.44212607 0.5617429 0.5760045 0.5877358 0.595817 0.44981408 0.44435146 0.45901212 0.4674725 0.5969527 0.43866214 0.571767 0.60367835 0.45453465 0.43730816 0.57378453 0.55604136 0.4407918 0.58876985 0.57857406 0.45243627 0.5900046 0.5973057 0.58865345 0.5786839 0.44170472 0.5877066 0.5932884 0.44611683 0.4541205 0.59316534 0.45078707 0.4734143 0.5888496 0.43775204 0.5715177 0.592738 0.576317 0.58499336 0.5884414 0.5998627 0.44356433 0.44808522 0.44021773 0.5913892 0.45648772 0.58111954 0.5607768 0.46444532 0.5734283 0.5838688 0.5919315 0.5921988 0.4517867 0.5970977 0.57201666 0.5930672 0.5931815 0.45509067 0.5821736 0.439469 0.5742507 0.55227697 0.4488768 0.4571072 0.59434557 0.59967256 0.44666833 0.450359 0.57183766 0.5900771 0.59981483 0.44250765 0.57736397 0.59522635 0.58615017 0.5822674 0.46117818 0.58876747 0.57854164 0.5545905 0.5902727 0.59222287 0.44099194 0.5918508 0.58761483 0.4632989 0.45215663 0.44454053 0.5722033 0.6038204 0.568816 0.59592843 0.58364314 0.5873912 0.58618903 0.5791709 0.45462108 0.4388449 0.5858745 0.43870842 0.5930966 0.58055866 0.44738078 0.5984952 0.58607215 0.43931592 0.5939511 0.5983662 0.58087146 0.58893	
 accuracy: 100.00%
precision: 100.00%
   recall: 100.00%
       F1: 100.00%
      AUC: 100.00%

<test_data>
1 1 1 0 0 1 1 1 1 0 1 0 1 1 0 1 1 1 0 1 1 1 1 1 0 1 1 1 1 1 1 0 1 1 0	
0 0 1 0 1 1 1 1 1 1 1 1 1 1 1 1 1 1 1 1 1 1 1 1 1 1 1 1 1 1 1 0 1 1 1	
0.4960517 0.49241588 0.57446545 0.4802156 0.5612105 0.5517226 0.5253802 0.51953065 0.51841956 0.52906233 0.50272405 0.5342211 0.577566 0.53255224 0.5238324 0.5393591 0.5753308 0.5265463 0.544754 0.5101917 0.5589661 0.55792135 0.5378699 0.52160674 0.5057607 0.54300886 0.538405 0.55514103 0.527931 0.5641257 0.5236079 0.4792809 0.5459846 0.55310977 0.5021262	
 accuracy: 74.29%
precision: 77.42%
   recall: 92.31%
       F1: 84.21%
      AUC: 68.38%
      NPV: 50.00%
*----------------------------------------------------------------------------------------------------------
T2WI+ADC+DWI-M
<train_data>
1 1 1 1 0 0 1 0 1 0 1 0 0 0 1 0 1 1 1 0 0 1 1 1 1 1 0 1 1 0 1 1 1 1 0 0 0 0 1 0 1 1 0 0 1 1 0 1 1 0 1 1 1 1 0 1 1 0 0 1 0 0 1 0 1 1 1 1 1 1 0 0 0 1 0 1 1 0 1 1 1 1 0 1 1 1 1 0 1 0 1 1 0 0 1 1 0 0 1 1 1 0 1 1 1 1 0 1 1 1 1 1 0 1 1 0 0 0 1 1 1 1 1 1 1 1 0 0 1 0 1 1 0 1 1 0 1 1 1 1
1 1 1 1 0 0 1 0 1 0 1 0 0 0 1 0 1 1 1 0 0 1 1 1 1 1 0 1 1 0 1 1 1 1 0 0 0 0 1 0 1 1 0 0 1 1 0 1 1 0 1 1 1 1 0 1 1 0 0 1 0 0 1 0 1 1 1 1 1 1 0 0 0 1 0 1 1 0 1 1 1 1 0 1 1 1 1 0 1 0 1 1 0 0 1 1 0 0 1 1 1 0 1 1 1 1 0 1 1 1 1 1 0 1 1 0 0 0 1 1 1 1 1 1 1 1 0 0 1 0 1 1 0 1 1 0 1 1 1 1	
0.59794134 0.5921902 0.58952236 0.5432669 0.43473443 0.4245633 0.59207135 0.43399844 0.58644646 0.43859953 0.5928474 0.45094326 0.47803092 0.4191315 0.58636993 0.4333753 0.56672347 0.5933899 0.5723572 0.43828133 0.43999192 0.524121 0.59501684 0.5993514 0.584808 0.6048837 0.41884783 0.5921372 0.5819121 0.4303803 0.57282114 0.5903373 0.5787382 0.60338116 0.44079152 0.45706356 0.4492011 0.43038517 0.57109946 0.43096918 0.5785969 0.5934089 0.46267492 0.42958128 0.586117 0.57627857 0.4247031 0.5970248 0.59142095 0.45696208 0.5757162 0.5816413 0.57474893 0.5942712 0.44227976 0.58035415 0.55926543 0.44272685 0.46341783 0.5769288 0.4547056 0.45151967 0.5663636 0.41568694 0.5772363 0.58662117 0.59647727 0.57114744 0.58598185 0.5863383 0.45009512 0.45429948 0.43239534 0.5938915 0.4323447 0.57694286 0.5930645 0.45463547 0.5903992 0.58194953 0.56265247 0.57640034 0.4313702 0.5913541 0.5876896 0.5963365 0.5983731 0.4521643 0.5737195 0.44350907 0.5886969 0.5956159 0.4384008 0.45037004 0.5980011 0.59171045 0.45437276 0.45044073 0.56983244 0.57707244 0.59175235 0.44900054 0.5745367 0.57734054 0.6004409 0.5723787 0.46268007 0.56643665 0.60000175 0.5984411 0.5926517 0.58407974 0.46760452 0.58694553 0.59784156 0.44117582 0.45268306 0.44914398 0.5933182 0.6060991 0.5994606 0.59038234 0.6016701 0.5804147 0.5826882 0.5835197 0.4604309 0.43860772 0.60565954 0.4508805 0.59919316 0.5901867 0.42496938 0.5969635 0.57101697 0.4524756 0.60235184 0.5866392 0.582803 0.60034806	
 accuracy: 100.00%
precision: 100.00%
   recall: 100.00%
       F1: 100.00%
      AUC: 100.00%

<test_data>
1 1 1 0 0 1 1 1 1 0 1 0 1 1 0 1 1 1 0 1 1 1 1 1 0 1 1 1 1 1 1 0 1 1 0	
1 1 1 0 0 1 1 1 1 0 0 1 1 1 1 1 1 1 1 1 0 1 1 1 0 1 1 1 1 1 0 1 0 1 0	
0.52591586 0.51467043 0.5648024 0.48132074 0.493107 0.5490541 0.5143291 0.5162483 0.5408227 0.45257148 0.49555814 0.5170209 0.55664736 0.5188629 0.50805163 0.5598288 0.5796774 0.5473897 0.54293144 0.5280648 0.49111432 0.50717366 0.51256317 0.54676753 0.45768055 0.5343939 0.521047 0.51952183 0.54407156 0.5505648 0.45967978 0.53660417 0.48474234 0.5276944 0.4922342	
 accuracy: 77.14%
precision: 84.62%
   recall: 84.62%
       F1: 84.62%
      AUC: 76.92%
      NPV: 56.00%
*----------------------------------------------------------------------------------------------------------
T2WI+ADC+DWI-P
<train_data>
1 1 1 1 0 0 1 0 1 0 1 0 0 0 1 0 1 1 1 0 0 1 1 1 1 1 0 1 1 0 1 1 1 1 0 0 0 0 1 0 1 1 0 0 1 1 0 1 1 0 1 1 1 1 0 1 1 0 0 1 0 0 1 0 1 1 1 1 1 1 0 0 0 1 0 1 1 0 1 1 1 1 0 1 1 1 1 0 1 0 1 1 0 0 1 1 0 0 1 1 1 0 1 1 1 1 0 1 1 1 1 1 0 1 1 0 0 0 1 1 1 1 1 1 1 1 0 0 1 0 1 1 0 1 1 0 1 1 1 1
1 1 1 1 0 0 1 0 1 0 1 0 0 0 1 0 1 1 1 0 0 1 1 1 1 1 0 1 1 0 1 1 1 1 0 0 0 0 1 0 1 1 0 0 1 1 0 1 1 0 1 1 1 1 0 1 1 0 0 1 0 0 1 0 1 1 1 1 1 1 0 0 0 1 0 1 1 0 1 1 1 1 0 1 1 1 1 0 1 0 1 1 0 0 1 1 0 0 1 1 1 0 1 1 1 1 0 1 1 1 1 1 0 1 1 0 0 0 1 1 1 1 1 1 1 1 0 0 1 0 1 1 0 1 1 0 1 1 1 1	
0.57097703 0.55371267 0.5993953 0.5932919 0.4528463 0.43400094 0.56626594 0.45190254 0.5968098 0.46326208 0.5946649 0.4862623 0.45046023 0.4354609 0.56163365 0.43176293 0.59051406 0.60779977 0.5825237 0.43982536 0.4591155 0.57383937 0.58181506 0.596201 0.60843927 0.5831692 0.4451452 0.5986344 0.5862395 0.43734342 0.5903483 0.58698606 0.5558549 0.5765815 0.4763785 0.4430356 0.44133183 0.45300183 0.5865336 0.43438187 0.5984251 0.5911636 0.43504676 0.43661603 0.5951151 0.58715343 0.4361865 0.5975224 0.5950767 0.43796352 0.59257734 0.6080597 0.573551 0.58978194 0.43381417 0.58342755 0.61148095 0.44484115 0.45791885 0.5851147 0.48027834 0.44178405 0.5764799 0.44757548 0.58926606 0.5984854 0.6002594 0.60926723 0.5766195 0.59607685 0.4506216 0.46101698 0.45941463 0.5840247 0.44645303 0.57143706 0.558213 0.46348634 0.57432044 0.59770525 0.6056148 0.57771695 0.4342064 0.5766607 0.5852108 0.5606154 0.59481907 0.44737133 0.55380285 0.44245133 0.5665643 0.5732268 0.4350723 0.44826123 0.6054664 0.5450202 0.4623093 0.4718635 0.5812827 0.5897698 0.57915723 0.4384556 0.5701308 0.5970855 0.5960417 0.59072757 0.45790416 0.59255666 0.6061779 0.5563452 0.59523624 0.6063107 0.4479498 0.6051654 0.61044323 0.4475369 0.4408084 0.44894618 0.59201795 0.6029233 0.5983004 0.60593504 0.60491455 0.6050541 0.5981112 0.5828424 0.43439108 0.43094498 0.58655894 0.4517738 0.60189885 0.5611396 0.43890908 0.5933672 0.5914478 0.46951708 0.59115463 0.60863155 0.5651121 0.58798367	
 accuracy: 100.00%
precision: 100.00%
   recall: 100.00%
       F1: 100.00%
      AUC: 100.00%

<test_data>
1 1 1 0 0 1 1 1 1 0 1 0 1 1 0 1 1 1 0 1 1 1 1 1 0 1 1 1 1 1 1 0 1 1 0	
0 0 1 0 1 1 1 1 1 1 1 1 1 1 1 1 1 1 0 1 0 1 1 1 1 1 1 1 1 1 1 0 1 1 1	
0.49538806 0.49188864 0.58219916 0.48156804 0.5424302 0.5333358 0.5850542 0.5402175 0.5834748 0.5172913 0.5427071 0.52798194 0.54676676 0.5827844 0.5223488 0.6015886 0.58448976 0.53292817 0.4772633 0.55118877 0.4752461 0.5700121 0.5813524 0.572098 0.5134146 0.5225574 0.5269732 0.55406004 0.5243544 0.5773876 0.51174337 0.47667128 0.55375147 0.55701464 0.50337064	
 accuracy: 74.29%
precision: 79.31%
   recall: 88.46%
       F1: 83.64%
      AUC: 85.04%
      NPV: 50.00%
*----------------------------------------------------------------------------------------------------------
