T2WI-C
<train_data>
1 1 1 1 0 0 1 0 1 0 1 0 0 0 1 0 1 1 1 0 0 1 1 1 1 1 0 1 1 0 1 1 1 1 0 0 0 0 1 0 1 1 0 0 1 1 0 1 1 0 1 1 1 1 0 1 1 0 0 1 0 0 1 0 1 1 1 1 1 1 0 0 0 1 0 1 1 0 1 1 1 1 0 1 1 1 1 0 1 0 1 1 0 0 1 1 0 0 1 1 1 0 1 1 1 1 0 1 1 1 1 1 0 1 1 0 0 0 1 1 1 1 1 1 1 1 0 0 1 0 1 1 0 1 1 0 1 1 1 1
1 1 1 1 0 0 1 0 1 0 1 0 0 0 1 0 1 1 1 0 0 1 1 1 1 1 0 1 1 0 1 1 1 1 0 0 0 0 1 0 1 1 0 0 1 1 0 1 1 0 1 1 1 1 0 1 1 0 0 1 0 0 1 0 1 1 1 1 1 1 0 0 0 1 0 1 1 0 1 1 1 1 0 1 1 1 1 0 1 0 1 1 0 0 1 1 0 0 1 1 1 0 1 1 1 1 0 1 1 1 1 1 0 1 1 0 0 0 1 1 1 1 1 1 1 1 0 0 1 0 1 1 0 1 1 0 1 1 1 1	
0.602314 0.574665 0.5869255 0.5636192 0.44390023 0.46485904 0.5891076 0.4498196 0.6030553 0.45959747 0.5795114 0.45964321 0.4766174 0.47145823 0.59737605 0.444284 0.60908914 0.56461865 0.577348 0.46440136 0.44775307 0.58594966 0.57669336 0.57211614 0.56433624 0.5855546 0.44137272 0.600754 0.60184807 0.4296647 0.51897335 0.5454572 0.56548524 0.5875031 0.42808542 0.45055413 0.46144953 0.45971796 0.57545286 0.4310402 0.5937035 0.5932127 0.47005427 0.4412708 0.57119215 0.5678196 0.45533583 0.5845919 0.57400185 0.42822415 0.59946734 0.5923839 0.60310584 0.5740062 0.44158128 0.5784568 0.61305344 0.48897663 0.4496944 0.5726606 0.43194017 0.47376874 0.5907626 0.47776487 0.59691775 0.5994556 0.5488925 0.5756972 0.56011546 0.6139787 0.4413154 0.45187005 0.43299398 0.58533436 0.4581213 0.56580526 0.5686274 0.47139564 0.58781606 0.5846959 0.6009344 0.61411285 0.44173464 0.59402037 0.55658287 0.60502756 0.6113926 0.4511803 0.59336615 0.43413872 0.57271475 0.5292326 0.4549538 0.47143516 0.58189285 0.60741395 0.46531367 0.4292118 0.56179786 0.6011186 0.5850204 0.4427409 0.583073 0.5864055 0.6076827 0.5758929 0.46954593 0.6027236 0.5902006 0.556177 0.60087645 0.5673481 0.4711925 0.5915968 0.5620326 0.46805745 0.45571944 0.4560909 0.56803215 0.59032315 0.58026373 0.58358574 0.58121073 0.583901 0.5761502 0.568448 0.4746405 0.45476273 0.60355115 0.4283137 0.5918937 0.5920994 0.44077492 0.59787446 0.54386616 0.43373677 0.5962457 0.60181725 0.576745 0.6029414	
 accuracy: 100.00%
precision: 100.00%
   recall: 100.00%
       F1: 100.00%
      AUC: 100.00%

<test_data>
1 1 1 0 0 1 1 1 1 0 1 0 1 1 0 1 1 1 0 1 1 1 1 1 0 1 1 1 1 1 1 0 1 1 0	
1 0 1 1 1 1 1 1 1 1 1 1 1 1 1 1 1 1 1 1 1 1 1 1 1 1 1 1 1 1 1 0 1 1 1	
0.50509286 0.4786958 0.6006438 0.53002685 0.57550585 0.5133806 0.5267728 0.52040505 0.56275874 0.5355071 0.52316743 0.5703664 0.542987 0.5927795 0.50183314 0.56480044 0.60003626 0.5253154 0.52883863 0.5710239 0.5834023 0.5519423 0.5024352 0.54361844 0.55662733 0.53270745 0.5368315 0.5351773 0.57737845 0.5742412 0.51929176 0.498306 0.5655872 0.5789914 0.51302195	
 accuracy: 74.29%
precision: 75.76%
   recall: 96.15%
       F1: 84.75%
      AUC: 62.82%
*----------------------------------------------------------------------------------------------------------
T2WI-M
<train_data>
1 1 1 1 0 0 1 0 1 0 1 0 0 0 1 0 1 1 1 0 0 1 1 1 1 1 0 1 1 0 1 1 1 1 0 0 0 0 1 0 1 1 0 0 1 1 0 1 1 0 1 1 1 1 0 1 1 0 0 1 0 0 1 0 1 1 1 1 1 1 0 0 0 1 0 1 1 0 1 1 1 1 0 1 1 1 1 0 1 0 1 1 0 0 1 1 0 0 1 1 1 0 1 1 1 1 0 1 1 1 1 1 0 1 1 0 0 0 1 1 1 1 1 1 1 1 0 0 1 0 1 1 0 1 1 0 1 1 1 1
1 1 1 1 0 0 1 0 1 0 1 0 0 0 1 0 1 1 1 0 0 1 1 1 1 1 0 1 1 0 1 1 1 1 0 0 0 0 1 0 1 1 0 0 1 1 0 1 1 0 1 1 1 1 0 1 1 0 0 1 0 0 1 0 1 1 1 1 1 1 0 0 0 1 0 1 1 0 1 1 1 1 0 1 1 1 1 0 1 0 1 1 0 0 1 1 0 0 1 1 1 0 1 1 1 1 0 1 1 1 1 1 0 1 1 0 0 0 1 1 1 1 1 1 1 1 0 0 1 0 1 1 0 1 1 0 1 1 1 1	
0.5917613 0.5685889 0.57579166 0.56678873 0.44397625 0.43848324 0.5816242 0.44716024 0.5980647 0.45216614 0.59271187 0.46134347 0.48691213 0.4582122 0.5167269 0.4506718 0.6112264 0.60032743 0.5880844 0.4554938 0.4565505 0.5478305 0.5772445 0.5906975 0.5554004 0.5904329 0.43989372 0.58398086 0.5976152 0.4457008 0.566556 0.5526164 0.58502877 0.5927177 0.4443739 0.46477145 0.45445243 0.46684328 0.5751834 0.43496257 0.60583264 0.61041635 0.4510215 0.43088797 0.5857605 0.5559071 0.43681175 0.5488124 0.58681077 0.4440034 0.5824928 0.5923238 0.5997663 0.5725388 0.44866574 0.5965167 0.60352546 0.46505055 0.4500816 0.58066756 0.4244484 0.4550658 0.59451586 0.48690343 0.5714178 0.603003 0.55927265 0.60303956 0.6019423 0.59732985 0.43202123 0.45838085 0.43253973 0.5967017 0.4572416 0.5647571 0.54754025 0.4780009 0.56278074 0.5715849 0.60208505 0.5942953 0.47850654 0.59388655 0.5382734 0.58032733 0.6160981 0.4714304 0.57675695 0.43868223 0.57537276 0.55948603 0.43912464 0.45519057 0.59612244 0.5956115 0.45789894 0.43550706 0.5358512 0.5710249 0.5773033 0.45590508 0.5723768 0.58674157 0.59139097 0.5653672 0.4592876 0.5881277 0.5805179 0.59929997 0.56975394 0.59082603 0.49548075 0.57214445 0.58017045 0.46823552 0.4628176 0.45694107 0.5752771 0.6025627 0.5767735 0.5888932 0.55429256 0.58014363 0.5720821 0.56854904 0.4811801 0.48218894 0.5865313 0.44922748 0.5880546 0.5910803 0.43274438 0.5943946 0.5710457 0.4623934 0.5883915 0.60867083 0.5721681 0.5887962	
 accuracy: 100.00%
precision: 100.00%
   recall: 100.00%
       F1: 100.00%
      AUC: 100.00%

<test_data>
1 1 1 0 0 1 1 1 1 0 1 0 1 1 0 1 1 1 0 1 1 1 1 1 0 1 1 1 1 1 1 0 1 1 0	
0 1 1 1 1 1 1 1 1 1 1 1 1 1 1 1 1 1 0 1 1 1 1 1 1 1 1 1 1 1 1 1 1 1 0	
0.4940747 0.51541567 0.54366887 0.50713134 0.54102534 0.5313356 0.51531005 0.522132 0.5555734 0.5048996 0.52346843 0.56494176 0.52334195 0.56468827 0.5341044 0.5395336 0.5893505 0.5422935 0.49592683 0.5906327 0.5768297 0.54803026 0.505446 0.53473395 0.5167955 0.5230286 0.53644496 0.50407547 0.58446455 0.5651294 0.51742035 0.51855445 0.5757806 0.53347784 0.4928854	
 accuracy: 77.14%
precision: 78.12%
   recall: 96.15%
       F1: 86.21%
      AUC: 72.65%
*----------------------------------------------------------------------------------------------------------
T2WI-P
<train_data>
1 1 1 1 0 0 1 0 1 0 1 0 0 0 1 0 1 1 1 0 0 1 1 1 1 1 0 1 1 0 1 1 1 1 0 0 0 0 1 0 1 1 0 0 1 1 0 1 1 0 1 1 1 1 0 1 1 0 0 1 0 0 1 0 1 1 1 1 1 1 0 0 0 1 0 1 1 0 1 1 1 1 0 1 1 1 1 0 1 0 1 1 0 0 1 1 0 0 1 1 1 0 1 1 1 1 0 1 1 1 1 1 0 1 1 0 0 0 1 1 1 1 1 1 1 1 0 0 1 0 1 1 0 1 1 0 1 1 1 1
1 1 1 1 0 0 1 0 1 0 1 0 0 0 1 0 1 1 1 0 0 1 1 1 1 1 0 1 1 0 1 1 1 1 0 0 0 0 1 0 1 1 0 0 1 1 0 1 1 0 1 1 1 1 0 1 1 0 0 1 0 0 1 0 1 1 1 1 1 1 0 0 0 1 0 1 1 0 1 1 1 1 0 1 1 1 1 0 1 0 1 1 0 0 1 1 0 0 1 1 1 0 1 1 1 1 0 1 1 1 1 1 0 1 1 0 0 0 1 1 1 1 1 1 1 1 0 0 1 0 1 1 0 1 1 0 1 1 1 1	
0.5777242 0.55313355 0.5874113 0.5676417 0.43897736 0.42907295 0.589352 0.4374375 0.599129 0.44801193 0.6034697 0.49381736 0.4605272 0.46705237 0.5681816 0.4532963 0.57473636 0.5976146 0.58959997 0.46119907 0.45055076 0.5617965 0.5733596 0.59371674 0.59273225 0.5999587 0.47505528 0.6108612 0.5758169 0.44103095 0.56722546 0.5717927 0.553308 0.5902915 0.46775356 0.46271783 0.4414277 0.4771513 0.58186483 0.4390132 0.57731223 0.58350486 0.4412544 0.44994044 0.59711474 0.5836255 0.44229722 0.5787923 0.5808612 0.4343282 0.58437544 0.5969225 0.5847933 0.56717855 0.46518183 0.57576376 0.60703367 0.473655 0.46753624 0.5820304 0.43550035 0.46985078 0.5941627 0.47047022 0.5644228 0.5993162 0.5762022 0.5745761 0.60407627 0.5729671 0.45477727 0.47402328 0.43647 0.5876126 0.44662485 0.5494283 0.5546917 0.45751685 0.5955734 0.5962916 0.603587 0.6020971 0.45519853 0.5512998 0.5604916 0.5916963 0.60141015 0.4501666 0.5497873 0.457523 0.55149853 0.5548338 0.44936374 0.440837 0.5890785 0.5897728 0.4610476 0.44942 0.5447248 0.56856203 0.59782046 0.4486979 0.59629184 0.6022658 0.6038394 0.5615386 0.46802735 0.5950687 0.5823419 0.5693785 0.5718736 0.59993714 0.4928689 0.59006274 0.584762 0.46214324 0.47826183 0.4291223 0.5980474 0.59394366 0.57947296 0.5898022 0.5863024 0.59966683 0.5679026 0.5819921 0.46690986 0.45784006 0.6086246 0.44657892 0.5965288 0.55478907 0.44354516 0.58709496 0.5833917 0.45028028 0.6055876 0.5981257 0.56125784 0.60226834	
 accuracy: 100.00%
precision: 100.00%
   recall: 100.00%
       F1: 100.00%
      AUC: 100.00%

<test_data>
1 1 1 0 0 1 1 1 1 0 1 0 1 1 0 1 1 1 0 1 1 1 1 1 0 1 1 1 1 1 1 0 1 1 0	
1 0 1 0 1 1 1 1 1 1 1 1 1 1 1 1 1 1 1 1 1 1 1 1 0 0 1 1 1 1 1 0 1 1 1	
0.5041066 0.4836805 0.56509715 0.46870095 0.5347254 0.50920606 0.5478401 0.54549736 0.58567876 0.5358826 0.6009902 0.58827114 0.5084273 0.5220872 0.56995255 0.5728349 0.58990586 0.5311208 0.50170445 0.5979555 0.5767623 0.6017518 0.55985343 0.557215 0.49535763 0.452434 0.5293078 0.54182404 0.5602005 0.52451473 0.5191092 0.48908004 0.5731305 0.542777 0.53740156	
 accuracy: 77.14%
precision: 80.00%
   recall: 92.31%
       F1: 85.71%
      AUC: 67.09%
*----------------------------------------------------------------------------------------------------------
ADC-C
<train_data>
1 1 1 1 0 0 1 0 1 0 1 0 0 0 1 0 1 1 1 0 0 1 1 1 1 1 0 1 1 0 1 1 1 1 0 0 0 0 1 0 1 1 0 0 1 1 0 1 1 0 1 1 1 1 0 1 1 0 0 1 0 0 1 0 1 1 1 1 1 1 0 0 0 1 0 1 1 0 1 1 1 1 0 1 1 1 1 0 1 0 1 1 0 0 1 1 0 0 1 1 1 0 1 1 1 1 0 1 1 1 1 1 0 1 1 0 0 0 1 1 1 1 1 1 1 1 0 0 1 0 1 1 0 1 1 0 1 1 1 1
1 1 1 1 0 0 1 0 1 0 1 0 0 0 1 0 1 1 1 0 0 1 1 1 1 1 0 1 1 0 1 1 1 1 0 0 0 0 1 0 1 1 0 0 1 1 0 1 1 0 1 1 1 1 0 1 1 0 0 1 0 0 1 0 1 1 1 1 1 1 0 0 0 1 0 1 1 0 1 1 1 1 0 1 1 1 1 0 1 0 1 1 0 0 1 1 0 0 1 1 1 0 1 1 1 1 0 1 1 1 1 1 0 1 1 0 0 0 1 1 1 1 1 1 1 1 0 0 1 0 1 1 0 1 1 0 1 1 1 1	
0.59529364 0.5666776 0.594183 0.5741668 0.46153393 0.40416515 0.59174496 0.4582124 0.60544634 0.4599296 0.58648115 0.4746506 0.48976558 0.46185085 0.5605465 0.4489194 0.60979295 0.558271 0.5438389 0.43699184 0.42355028 0.5720326 0.56307924 0.5735097 0.5894517 0.61061895 0.48469642 0.57617456 0.58828497 0.4175928 0.56730396 0.60180295 0.59612703 0.59338474 0.4216943 0.44757575 0.48541796 0.4661412 0.5994847 0.43816027 0.54954493 0.6122679 0.47841603 0.4367156 0.59251624 0.58476555 0.4403785 0.5901308 0.60726607 0.45198795 0.56340003 0.5898674 0.6000822 0.5776666 0.45263112 0.58836234 0.603319 0.41943845 0.4181005 0.5697597 0.41722596 0.4486398 0.59173 0.46166193 0.6060896 0.5795532 0.57666177 0.56373197 0.5812311 0.59382117 0.44768438 0.4383252 0.44323888 0.5949549 0.47535017 0.5657631 0.5754088 0.49957705 0.55659896 0.58390594 0.6024643 0.6013743 0.44817758 0.5752737 0.5803696 0.5902206 0.602994 0.4573349 0.586552 0.4193784 0.5822068 0.5755014 0.46786162 0.45209286 0.57346016 0.5839608 0.43817756 0.45219442 0.58052474 0.569082 0.5642515 0.44891533 0.60050124 0.5977924 0.57381576 0.5812926 0.47800216 0.58039796 0.5484716 0.5583718 0.5782968 0.5918221 0.48545426 0.5897382 0.56380516 0.45124507 0.46947345 0.46616876 0.56833154 0.59946626 0.56457126 0.5795166 0.6077231 0.56721044 0.5991924 0.5861406 0.4554986 0.42417693 0.5718483 0.43291178 0.5806534 0.5633574 0.47664246 0.5671326 0.5688179 0.44710922 0.58882415 0.5956687 0.57183826 0.585122	
 accuracy: 100.00%
precision: 100.00%
   recall: 100.00%
       F1: 100.00%
      AUC: 100.00%

<test_data>
1 1 1 0 0 1 1 1 1 0 1 0 1 1 0 1 1 1 0 1 1 1 1 1 0 1 1 1 1 1 1 0 1 1 0	
1 1 1 1 1 1 0 1 1 1 1 1 1 1 1 0 1 1 1 1 1 1 1 0 1 1 1 1 1 0 1 1 0 1 0	
0.5366698 0.52497077 0.5875276 0.5617432 0.57400674 0.5820941 0.43162563 0.52046937 0.5763282 0.5805578 0.52177364 0.5057123 0.5554752 0.57406765 0.505396 0.47943878 0.53304166 0.5864014 0.54690546 0.5386871 0.52392316 0.56536174 0.55066603 0.4428239 0.5539479 0.5295785 0.5251137 0.5683547 0.55304086 0.4929357 0.5173697 0.5196874 0.4924861 0.5057916 0.4717369	
 accuracy: 62.86%
precision: 72.41%
   recall: 80.77%
       F1: 76.36%
      AUC: 50.43%
*----------------------------------------------------------------------------------------------------------
ADC-M
<train_data>
1 1 1 1 0 0 1 0 1 0 1 0 0 0 1 0 1 1 1 0 0 1 1 1 1 1 0 1 1 0 1 1 1 1 0 0 0 0 1 0 1 1 0 0 1 1 0 1 1 0 1 1 1 1 0 1 1 0 0 1 0 0 1 0 1 1 1 1 1 1 0 0 0 1 0 1 1 0 1 1 1 1 0 1 1 1 1 0 1 0 1 1 0 0 1 1 0 0 1 1 1 0 1 1 1 1 0 1 1 1 1 1 0 1 1 0 0 0 1 1 1 1 1 1 1 1 0 0 1 0 1 1 0 1 1 0 1 1 1 1
1 1 1 1 0 0 1 0 1 0 1 0 0 0 1 0 1 1 1 0 0 1 1 1 1 1 0 1 1 0 1 1 1 1 0 0 0 0 1 0 1 1 0 0 1 1 0 1 1 0 1 1 1 1 0 1 1 0 0 1 0 0 1 0 1 1 1 1 1 1 0 0 0 1 0 1 1 0 1 1 1 1 0 1 1 1 1 0 1 0 1 1 0 0 1 1 0 0 1 1 1 0 1 1 1 1 0 1 1 1 1 1 0 1 1 0 0 0 1 1 1 1 1 1 1 1 0 0 1 0 1 1 0 1 1 0 1 1 1 1	
0.6159276 0.5726171 0.57400334 0.5892081 0.45123217 0.44792286 0.60719645 0.46082643 0.6097091 0.45893627 0.5914476 0.46119797 0.4583503 0.4707208 0.57152855 0.45626345 0.60734504 0.5792004 0.57299244 0.45888004 0.4682764 0.5682809 0.5557485 0.58590806 0.56671196 0.6063344 0.4258436 0.59383357 0.6082135 0.44914338 0.57518244 0.5659893 0.5705884 0.6016207 0.42974752 0.42390847 0.4586789 0.45911774 0.57632536 0.45798105 0.53325063 0.60039675 0.44074297 0.4103839 0.5795623 0.5684498 0.43043748 0.5914999 0.60020506 0.46882024 0.5984435 0.598879 0.595099 0.5794679 0.4627842 0.5548511 0.6175036 0.44661552 0.41753775 0.57012635 0.44718575 0.47221774 0.603359 0.46027124 0.60405827 0.5822505 0.57725126 0.5961365 0.60427594 0.604858 0.45985633 0.4550333 0.46451887 0.58987534 0.47233483 0.6064456 0.543926 0.47064495 0.5671882 0.5824381 0.58356833 0.5700525 0.46694645 0.57366395 0.5757797 0.57336634 0.5945768 0.46102783 0.586063 0.44564873 0.54553604 0.5393306 0.4532514 0.470923 0.5620521 0.58041954 0.49404293 0.46686676 0.5649657 0.57284987 0.6017505 0.43888816 0.57910997 0.59491086 0.58928704 0.560077 0.470599 0.5896699 0.5768812 0.5982931 0.5784123 0.5997197 0.47444764 0.6005127 0.5991443 0.46365744 0.45571736 0.46286535 0.57001936 0.60115165 0.592266 0.5854033 0.6007975 0.5826046 0.59829843 0.58860373 0.45670044 0.41412348 0.57161987 0.4662755 0.5730069 0.57204884 0.46392632 0.5787283 0.56419224 0.43771023 0.594296 0.60757774 0.5455131 0.59821486	
 accuracy: 100.00%
precision: 100.00%
   recall: 100.00%
       F1: 100.00%
      AUC: 100.00%

<test_data>
1 1 1 0 0 1 1 1 1 0 1 0 1 1 0 1 1 1 0 1 1 1 1 1 0 1 1 1 1 1 1 0 1 1 0	
0 1 1 1 0 1 1 1 1 1 1 1 1 1 1 1 0 1 0 1 1 1 1 1 1 1 1 1 1 1 1 0 1 1 1	
0.44371623 0.5370625 0.5982405 0.54185396 0.46636185 0.5380265 0.5512703 0.5161523 0.54656327 0.5469867 0.5162428 0.53712666 0.54617655 0.57980645 0.5552115 0.5519401 0.45615965 0.5557277 0.44793558 0.5910832 0.571203 0.5490776 0.5579078 0.52088165 0.5329647 0.5573703 0.544766 0.535841 0.5617577 0.530881 0.5811228 0.45726296 0.5747829 0.5483444 0.52574694	
 accuracy: 77.14%
precision: 80.00%
   recall: 92.31%
       F1: 85.71%
      AUC: 73.93%
*----------------------------------------------------------------------------------------------------------
ADC-P
<train_data>
1 1 1 1 0 0 1 0 1 0 1 0 0 0 1 0 1 1 1 0 0 1 1 1 1 1 0 1 1 0 1 1 1 1 0 0 0 0 1 0 1 1 0 0 1 1 0 1 1 0 1 1 1 1 0 1 1 0 0 1 0 0 1 0 1 1 1 1 1 1 0 0 0 1 0 1 1 0 1 1 1 1 0 1 1 1 1 0 1 0 1 1 0 0 1 1 0 0 1 1 1 0 1 1 1 1 0 1 1 1 1 1 0 1 1 0 0 0 1 1 1 1 1 1 1 1 0 0 1 0 1 1 0 1 1 0 1 1 1 1
1 1 1 1 0 0 1 0 1 0 1 0 0 0 1 0 1 1 1 0 0 1 1 1 1 1 0 1 1 0 1 1 1 1 0 0 0 0 1 0 1 1 0 0 1 1 0 1 1 0 1 1 1 1 0 1 1 0 0 1 0 0 1 0 1 1 1 1 1 1 0 0 0 1 0 1 1 0 1 1 1 1 0 1 1 1 1 0 1 0 1 1 0 0 1 1 1 0 1 1 1 0 1 1 1 1 0 1 1 1 1 1 0 1 1 0 0 0 1 1 1 1 1 1 1 1 0 0 1 0 1 1 0 1 1 0 1 1 1 1	
0.5979377 0.54295015 0.5723307 0.5973581 0.46378848 0.45365682 0.582728 0.44960052 0.59520507 0.46234143 0.59684646 0.4907445 0.4461753 0.44129264 0.5687381 0.45463604 0.59850425 0.56446457 0.59049785 0.45048282 0.42678326 0.55493754 0.55898345 0.57635635 0.578359 0.58542734 0.45438862 0.605389 0.5816266 0.43123546 0.5826337 0.5931409 0.5602498 0.5834928 0.43705842 0.45494238 0.44790536 0.4772135 0.5744156 0.42609105 0.5139808 0.6111946 0.44306606 0.43722603 0.5811686 0.5631497 0.43146184 0.57382405 0.571743 0.45082775 0.6007944 0.6109205 0.6057878 0.59430885 0.44815844 0.5856149 0.6047789 0.42866716 0.4450805 0.5827312 0.46887118 0.47549862 0.5950962 0.44439453 0.5805822 0.5789764 0.5934702 0.56931454 0.5806438 0.59349287 0.44697672 0.45001513 0.4487244 0.5951363 0.4741128 0.6028212 0.5529851 0.48351467 0.56567955 0.58227926 0.5682612 0.6003019 0.43432397 0.57718444 0.5879991 0.590344 0.55667406 0.4452663 0.56789446 0.44838092 0.5790812 0.5719156 0.4412724 0.45587596 0.59316194 0.57226545 0.5003737 0.4521657 0.5828696 0.5917609 0.5742051 0.4313214 0.5936089 0.5816749 0.5977263 0.5899987 0.4576053 0.5861956 0.5834133 0.59611416 0.5649307 0.5774284 0.45843095 0.60500765 0.56521624 0.44929034 0.43503636 0.44915897 0.57157797 0.5867947 0.6000385 0.5715153 0.6040297 0.588017 0.59265256 0.6087955 0.46405458 0.42066732 0.5967837 0.48982748 0.603404 0.5435575 0.43249348 0.5744375 0.5901791 0.42020833 0.60884255 0.594121 0.5552349 0.60751796	
 accuracy: 99.29%
precision: 98.90%
   recall: 100.00%
       F1: 99.45%
      AUC: 100.00%

<test_data>
1 1 1 0 0 1 1 1 1 0 1 0 1 1 0 1 1 1 0 1 1 1 1 1 0 1 1 1 1 1 1 0 1 1 0	
0 1 1 1 1 1 1 1 1 1 1 1 1 1 1 1 1 0 1 1 1 1 1 0 1 1 1 1 1 1 0 0 1 1 1	
0.47358572 0.6005811 0.6075145 0.5606138 0.5829149 0.50003254 0.5495041 0.5799289 0.5386469 0.5543268 0.56070894 0.59921783 0.54880685 0.54477984 0.5462732 0.5506598 0.5543005 0.48471323 0.5130955 0.5803057 0.53825235 0.5861482 0.5496423 0.49030805 0.53312725 0.5826701 0.5465587 0.5573738 0.58917904 0.5480225 0.48345202 0.47630048 0.5256076 0.51216894 0.5387381	
 accuracy: 65.71%
precision: 73.33%
   recall: 84.62%
       F1: 78.57%
      AUC: 51.28%
*----------------------------------------------------------------------------------------------------------
DWI-C
<train_data>
1 1 1 1 0 0 1 0 1 0 1 0 0 0 1 0 1 1 1 0 0 1 1 1 1 1 0 1 1 0 1 1 1 1 0 0 0 0 1 0 1 1 0 0 1 1 0 1 1 0 1 1 1 1 0 1 1 0 0 1 0 0 1 0 1 1 1 1 1 1 0 0 0 1 0 1 1 0 1 1 1 1 0 1 1 1 1 0 1 0 1 1 0 0 1 1 0 0 1 1 1 0 1 1 1 1 0 1 1 1 1 1 0 1 1 0 0 0 1 1 1 1 1 1 1 1 0 0 1 0 1 1 0 1 1 0 1 1 1 1
1 1 1 1 0 0 1 0 1 0 1 0 0 0 1 0 1 1 1 0 0 1 1 1 1 1 0 1 1 0 1 1 1 1 0 0 0 0 1 0 1 1 0 0 1 1 0 1 1 0 1 1 1 1 0 1 1 0 0 1 0 0 1 0 1 1 1 1 1 1 0 0 0 1 0 1 1 0 1 1 1 1 0 1 1 1 1 1 1 0 1 1 0 0 1 1 0 0 1 1 1 0 1 1 1 1 0 1 1 1 1 1 0 1 1 0 0 0 1 1 1 1 1 1 1 1 0 0 1 0 1 1 0 1 1 0 1 1 1 1	
0.5919485 0.576816 0.5723559 0.56785494 0.45051357 0.46308333 0.59557605 0.4366938 0.58901644 0.46640328 0.58500475 0.47022805 0.4477839 0.461201 0.5534897 0.4480222 0.57818586 0.56774676 0.58265424 0.46484935 0.44365156 0.56907374 0.5779112 0.5488881 0.576768 0.6075327 0.45070654 0.5828633 0.5950724 0.44844714 0.5801749 0.5698858 0.5903296 0.5946451 0.43737492 0.44675642 0.4530404 0.47829562 0.5845195 0.4575127 0.5842868 0.5883629 0.4390008 0.4618838 0.55985373 0.5658916 0.45079476 0.5659624 0.6016387 0.45108503 0.5698583 0.5747719 0.58667713 0.58159494 0.4397726 0.55738676 0.59645087 0.48599342 0.4487544 0.5744551 0.44765157 0.46466446 0.58131325 0.47077113 0.59460706 0.59348375 0.57237136 0.57951015 0.57127756 0.5901168 0.45118237 0.44907776 0.43197772 0.58224416 0.4742705 0.5601897 0.56658244 0.4719303 0.5623308 0.5752819 0.59570783 0.58564097 0.4522914 0.57519 0.5766346 0.59633154 0.60664123 0.500836 0.5592056 0.44609165 0.5585899 0.56783336 0.45663825 0.47347364 0.5775673 0.5925145 0.44324508 0.44515026 0.57149863 0.56034493 0.58152825 0.45673147 0.5873384 0.5850606 0.585164 0.5549057 0.46137625 0.56960183 0.5873062 0.56526077 0.5646959 0.601995 0.4834644 0.582076 0.5680181 0.45688656 0.4539122 0.4587186 0.58765745 0.6064774 0.5730732 0.5722095 0.5720367 0.5852064 0.56203055 0.5690394 0.4490159 0.44445753 0.5828385 0.43941176 0.5865496 0.5736899 0.4519655 0.5996701 0.5664077 0.45942792 0.58910096 0.5885967 0.57349 0.59514415	
 accuracy: 99.29%
precision: 98.90%
   recall: 100.00%
       F1: 99.45%
      AUC: 100.00%

<test_data>
1 1 1 0 0 1 1 1 1 0 1 0 1 1 0 1 1 1 0 1 1 1 1 1 0 1 1 1 1 1 1 0 1 1 0	
0 1 1 1 1 1 1 1 1 1 1 1 1 1 1 1 1 1 0 1 1 1 1 0 1 1 1 1 1 1 0 0 1 1 1	
0.46202147 0.510488 0.54833376 0.50394136 0.5013144 0.53361464 0.5242931 0.56987983 0.5653667 0.52760667 0.5321873 0.5851517 0.5348424 0.5176184 0.52343833 0.5419282 0.5354182 0.5040196 0.4979225 0.5664263 0.52079195 0.56160325 0.54039544 0.48083347 0.54808456 0.5549748 0.51713216 0.53716046 0.51197654 0.529182 0.48390046 0.46656036 0.5418027 0.50752735 0.52471006	
 accuracy: 71.43%
precision: 76.67%
   recall: 88.46%
       F1: 82.14%
      AUC: 62.39%
*----------------------------------------------------------------------------------------------------------
DWI-M
<train_data>
1 1 1 1 0 0 1 0 1 0 1 0 0 0 1 0 1 1 1 0 0 1 1 1 1 1 0 1 1 0 1 1 1 1 0 0 0 0 1 0 1 1 0 0 1 1 0 1 1 0 1 1 1 1 0 1 1 0 0 1 0 0 1 0 1 1 1 1 1 1 0 0 0 1 0 1 1 0 1 1 1 1 0 1 1 1 1 0 1 0 1 1 0 0 1 1 0 0 1 1 1 0 1 1 1 1 0 1 1 1 1 1 0 1 1 0 0 0 1 1 1 1 1 1 1 1 0 0 1 0 1 1 0 1 1 0 1 1 1 1
1 1 1 1 0 0 1 0 1 0 1 0 0 0 1 0 1 1 1 0 0 1 1 1 1 1 0 1 1 0 1 1 1 1 0 0 0 0 1 0 1 1 0 0 1 1 0 1 1 0 1 1 1 1 0 1 1 0 0 1 0 0 1 0 1 1 1 1 1 1 0 0 0 1 0 1 1 0 1 1 1 1 0 1 1 1 1 0 1 0 1 1 0 0 1 1 0 0 1 1 1 0 1 1 1 1 0 1 1 1 1 1 0 1 1 0 0 0 1 1 1 1 1 1 1 1 0 0 1 0 1 1 0 1 1 0 1 1 1 1	
0.60835844 0.58811873 0.5203367 0.5715496 0.4291083 0.42423174 0.6157536 0.4483817 0.6063308 0.4839647 0.6044291 0.46524376 0.43316886 0.46245274 0.5836976 0.47279027 0.58963245 0.6029793 0.57375705 0.47206324 0.46802267 0.58375454 0.5734662 0.6014943 0.56855667 0.59674186 0.43097413 0.6018471 0.60716766 0.42069602 0.58698857 0.580859 0.56225604 0.6095464 0.4439193 0.4616126 0.46209055 0.47444227 0.57457644 0.43907377 0.59204555 0.601286 0.43286824 0.44308016 0.5644899 0.55149364 0.44593054 0.593029 0.5883851 0.44680288 0.60542774 0.58360535 0.60272825 0.60871845 0.4242347 0.55792737 0.6074025 0.46648887 0.4239731 0.59017074 0.44358328 0.47743654 0.60100454 0.46741435 0.58936 0.5474751 0.5807994 0.5807529 0.5428448 0.57028127 0.43496686 0.44799674 0.42169228 0.5946428 0.46554336 0.5663143 0.529411 0.46323 0.5555087 0.5903218 0.6164419 0.57773745 0.48673585 0.5894542 0.60531753 0.59979045 0.607506 0.46430102 0.57831556 0.4391323 0.54742837 0.5380056 0.46214092 0.44704956 0.5861041 0.60624 0.47232378 0.43815917 0.55772287 0.5553561 0.56319785 0.43656963 0.5912169 0.5693117 0.59128535 0.5738787 0.45943576 0.5916514 0.5666161 0.54841524 0.56372744 0.58883464 0.4762185 0.6016108 0.6056643 0.46246305 0.4650369 0.4318835 0.58292454 0.60304606 0.58234465 0.5490274 0.58790183 0.58818424 0.5875849 0.5748954 0.42297202 0.4241971 0.5998751 0.41442743 0.57314074 0.5774763 0.44370675 0.60707337 0.5754505 0.46590063 0.60447013 0.60294807 0.560232 0.61001396	
 accuracy: 100.00%
precision: 100.00%
   recall: 100.00%
       F1: 100.00%
      AUC: 100.00%

<test_data>
1 1 1 0 0 1 1 1 1 0 1 0 1 1 0 1 1 1 0 1 1 1 1 1 0 1 1 1 1 1 1 0 1 1 0	
0 1 1 1 0 1 1 1 1 0 1 1 0 1 1 1 1 1 0 1 1 1 1 1 1 1 1 1 1 1 1 1 1 1 1	
0.46304038 0.547198 0.6075859 0.55290365 0.45038307 0.55876195 0.5363929 0.5782685 0.53296715 0.46556842 0.5283703 0.5832956 0.47773194 0.5438566 0.53719836 0.57317686 0.51935554 0.54233223 0.45895284 0.55567706 0.584832 0.52341753 0.555396 0.5524402 0.5623376 0.5402499 0.55392694 0.5878374 0.58580524 0.5020818 0.5079137 0.5167567 0.5634877 0.53517145 0.567865	
 accuracy: 77.14%
precision: 80.00%
   recall: 92.31%
       F1: 85.71%
      AUC: 61.11%
*----------------------------------------------------------------------------------------------------------
DWI-P
<train_data>
1 1 1 1 0 0 1 0 1 0 1 0 0 0 1 0 1 1 1 0 0 1 1 1 1 1 0 1 1 0 1 1 1 1 0 0 0 0 1 0 1 1 0 0 1 1 0 1 1 0 1 1 1 1 0 1 1 0 0 1 0 0 1 0 1 1 1 1 1 1 0 0 0 1 0 1 1 0 1 1 1 1 0 1 1 1 1 0 1 0 1 1 0 0 1 1 0 0 1 1 1 0 1 1 1 1 0 1 1 1 1 1 0 1 1 0 0 0 1 1 1 1 1 1 1 1 0 0 1 0 1 1 0 1 1 0 1 1 1 1
1 1 1 1 0 0 1 0 1 0 1 0 0 0 1 0 1 1 1 0 0 1 1 1 1 1 0 1 1 0 1 1 1 1 0 0 0 0 1 0 1 1 0 0 1 1 0 1 1 0 1 1 1 1 0 1 1 0 0 1 0 0 1 0 1 1 1 1 1 1 0 0 0 1 0 1 1 0 1 1 1 1 0 1 1 1 1 0 1 0 1 1 0 0 1 1 0 0 1 1 1 0 1 1 1 1 0 1 1 1 1 1 0 1 1 0 0 0 1 1 1 1 1 1 1 1 0 0 1 0 1 1 0 1 1 0 1 1 1 1	
0.58287525 0.5774419 0.5981335 0.5908715 0.43882075 0.43714437 0.57920206 0.45770797 0.59877545 0.46291742 0.60168946 0.44665995 0.44116074 0.47448358 0.5908539 0.46689484 0.58255756 0.59161055 0.6040887 0.47406346 0.4481571 0.55926055 0.5632594 0.5897085 0.5805091 0.5952979 0.42931837 0.6039652 0.6050596 0.4550657 0.5744793 0.56894255 0.5937832 0.59658456 0.46949312 0.44909164 0.45728007 0.49786204 0.55555683 0.4586105 0.58270246 0.6186597 0.43888393 0.43571803 0.5684703 0.5656082 0.435673 0.6028559 0.60092384 0.45953643 0.6037953 0.6119469 0.6005627 0.6113656 0.43695655 0.573936 0.59989953 0.43591097 0.45018458 0.6035043 0.45635873 0.46396184 0.57568246 0.47647363 0.57750046 0.61236167 0.6046697 0.56948 0.5495816 0.6135775 0.44312808 0.43736872 0.44105762 0.5726229 0.48155737 0.5985186 0.5625109 0.46130976 0.60186666 0.5861082 0.5797513 0.5908874 0.43721434 0.60095197 0.5862748 0.6038118 0.59195036 0.45793983 0.6001006 0.43908224 0.566203 0.58811456 0.46566084 0.42807022 0.5674012 0.58545464 0.444054 0.43452704 0.5668284 0.58863217 0.5739134 0.47219035 0.56274676 0.57255846 0.5724381 0.5899495 0.47450688 0.57469183 0.59987617 0.5584996 0.5296142 0.58014655 0.47762582 0.59905803 0.53684056 0.4678296 0.46798402 0.4642198 0.57351047 0.59732825 0.56596047 0.5771224 0.5969393 0.6090877 0.5823865 0.58102125 0.4409068 0.42791405 0.59901077 0.43527964 0.6120729 0.55660087 0.45170334 0.6123783 0.5769166 0.43019623 0.5885553 0.61089194 0.563816 0.6081857	
 accuracy: 100.00%
precision: 100.00%
   recall: 100.00%
       F1: 100.00%
      AUC: 100.00%

<test_data>
1 1 1 0 0 1 1 1 1 0 1 0 1 1 0 1 1 1 0 1 1 1 1 1 0 1 1 1 1 1 1 0 1 1 0	
1 1 1 1 1 1 1 1 1 1 1 1 1 1 0 1 1 1 0 1 1 1 1 0 0 1 1 1 1 0 1 1 1 1 0	
0.5030048 0.55643076 0.5971609 0.588256 0.5050555 0.54512495 0.5266505 0.5412694 0.56327677 0.587297 0.5383821 0.5956946 0.50099367 0.56180125 0.4687376 0.6081547 0.57477605 0.55132747 0.46356085 0.5944185 0.546204 0.58365 0.5257654 0.47454673 0.49576443 0.56407493 0.54445815 0.5781788 0.5253818 0.4818032 0.5338224 0.5486094 0.5636134 0.52171624 0.47559276	
 accuracy: 80.00%
precision: 82.76%
   recall: 92.31%
       F1: 87.27%
      AUC: 61.11%
*----------------------------------------------------------------------------------------------------------
T2WI+DWI-C
<train_data>
1 1 1 1 0 0 1 0 1 0 1 0 0 0 1 0 1 1 1 0 0 1 1 1 1 1 0 1 1 0 1 1 1 1 0 0 0 0 1 0 1 1 0 0 1 1 0 1 1 0 1 1 1 1 0 1 1 0 0 1 0 0 1 0 1 1 1 1 1 1 0 0 0 1 0 1 1 0 1 1 1 1 0 1 1 1 1 0 1 0 1 1 0 0 1 1 0 0 1 1 1 0 1 1 1 1 0 1 1 1 1 1 0 1 1 0 0 0 1 1 1 1 1 1 1 1 0 0 1 0 1 1 0 1 1 0 1 1 1 1
1 1 1 1 0 0 1 0 1 0 1 0 0 0 1 0 1 1 1 0 0 1 1 1 1 1 0 1 1 0 1 1 1 1 0 0 0 0 1 0 1 1 0 0 1 1 0 1 1 0 1 1 1 1 0 1 1 0 0 1 0 0 1 0 1 1 1 1 1 1 0 0 0 1 0 1 1 0 1 1 1 1 0 1 1 1 1 0 1 0 1 1 0 0 1 1 0 0 1 1 1 0 1 1 1 1 0 1 1 1 1 1 0 1 1 0 0 0 1 1 1 1 1 1 1 1 0 0 1 0 1 1 0 1 1 0 1 1 1 1	
0.6005113 0.5681764 0.5922385 0.57822263 0.45795673 0.44760326 0.5759112 0.44591168 0.6024195 0.45365572 0.5867746 0.45234424 0.4703183 0.44531146 0.5869798 0.43127823 0.580112 0.57228816 0.57001185 0.43331024 0.45758203 0.5852249 0.5897309 0.5764532 0.5905663 0.5724597 0.44169757 0.5995801 0.59570247 0.44059694 0.5546642 0.5668339 0.5720761 0.59616864 0.45272663 0.45196524 0.45943427 0.4601367 0.5954715 0.43253732 0.56732184 0.6056487 0.45617026 0.43891832 0.5831037 0.5504119 0.44656983 0.5912784 0.56769085 0.45592818 0.5967658 0.59352297 0.5882006 0.5784142 0.45232448 0.5908228 0.59508336 0.45088747 0.4673964 0.59102976 0.47028536 0.45975134 0.5940006 0.43867812 0.56830263 0.59521943 0.56652284 0.58140373 0.5842215 0.60613644 0.44874734 0.4431056 0.43235916 0.5877685 0.46619087 0.57968616 0.55776125 0.47455436 0.58708423 0.5823927 0.59469426 0.6000034 0.44939756 0.59702474 0.5701021 0.59501386 0.589125 0.4768059 0.5806584 0.43516672 0.5737794 0.55014133 0.45625314 0.4573929 0.5815989 0.59902966 0.4479037 0.4575087 0.5679858 0.5949882 0.59890616 0.44598004 0.5663309 0.5979032 0.59167403 0.5837175 0.45591232 0.5965961 0.5855857 0.5521779 0.59303874 0.57935375 0.44904155 0.59248525 0.59398437 0.46508747 0.45597288 0.44509837 0.56797737 0.60508424 0.5575105 0.5877995 0.5764525 0.5783447 0.57826173 0.5677178 0.47506368 0.44554302 0.59466094 0.4394169 0.5914076 0.58357984 0.4454049 0.5956043 0.5858937 0.44689363 0.59166646 0.5959155 0.57784843 0.59313464	
 accuracy: 100.00%
precision: 100.00%
   recall: 100.00%
       F1: 100.00%
      AUC: 100.00%

<test_data>
1 1 1 0 0 1 1 1 1 0 1 0 1 1 0 1 1 1 0 1 1 1 1 1 0 1 1 1 1 1 1 0 1 1 0	
0 0 1 0 1 1 1 1 1 1 0 1 1 1 1 1 1 1 1 1 1 1 1 1 0 1 1 1 1 1 1 0 1 1 0	
0.48608348 0.48561552 0.58433497 0.45924965 0.56346256 0.5638615 0.5296873 0.5208354 0.54510397 0.5317127 0.49163264 0.5276793 0.56069016 0.51781976 0.5236909 0.54361093 0.582212 0.5500188 0.5363904 0.54201025 0.5644607 0.5744368 0.52012056 0.52989566 0.47001734 0.53116393 0.55739456 0.5413481 0.55414265 0.5612189 0.5344171 0.47988886 0.55585015 0.56477374 0.4884215	
 accuracy: 77.14%
precision: 82.14%
   recall: 88.46%
       F1: 85.19%
      AUC: 77.35%
*----------------------------------------------------------------------------------------------------------
T2WI+DWI-M
<train_data>
1 1 1 1 0 0 1 0 1 0 1 0 0 0 1 0 1 1 1 0 0 1 1 1 1 1 0 1 1 0 1 1 1 1 0 0 0 0 1 0 1 1 0 0 1 1 0 1 1 0 1 1 1 1 0 1 1 0 0 1 0 0 1 0 1 1 1 1 1 1 0 0 0 1 0 1 1 0 1 1 1 1 0 1 1 1 1 0 1 0 1 1 0 0 1 1 0 0 1 1 1 0 1 1 1 1 0 1 1 1 1 1 0 1 1 0 0 0 1 1 1 1 1 1 1 1 0 0 1 0 1 1 0 1 1 0 1 1 1 1
1 1 1 1 0 0 1 0 1 0 1 0 0 0 1 0 1 1 1 0 0 1 1 1 1 1 0 1 1 0 1 1 1 1 0 0 0 0 1 0 1 1 0 0 1 1 0 1 1 0 1 1 1 1 0 1 1 0 0 1 0 0 1 0 1 1 1 1 1 1 0 0 0 1 0 1 1 0 1 1 1 1 0 1 1 1 1 0 1 0 1 1 0 0 1 1 0 0 1 1 1 0 1 1 1 1 0 1 1 1 1 1 0 1 1 0 0 0 1 1 1 1 1 1 1 1 0 0 1 0 1 1 0 1 1 0 1 1 1 1	
0.60588634 0.59218097 0.5815994 0.5367613 0.44001594 0.4360345 0.5917941 0.4336633 0.5862612 0.44301894 0.5923135 0.4543709 0.46408156 0.43190032 0.60486907 0.43480375 0.55923057 0.58787405 0.5662885 0.43129835 0.43548498 0.5417645 0.59258765 0.60419065 0.5906688 0.60899955 0.42467433 0.58677244 0.58156604 0.43297932 0.56356376 0.58881646 0.5882458 0.6140282 0.45539206 0.45833448 0.46511924 0.44137558 0.58582807 0.43228573 0.5738103 0.5815681 0.45978823 0.42497674 0.5905366 0.5693006 0.4343908 0.6100332 0.58723474 0.46732917 0.5681909 0.58624005 0.5751218 0.6010029 0.4441882 0.57353526 0.560704 0.4381314 0.4825151 0.5696457 0.46038315 0.4454277 0.5520293 0.4208825 0.5712344 0.5857521 0.6002575 0.5607076 0.5836912 0.56393594 0.4531371 0.45084265 0.42593294 0.6002017 0.43463236 0.5756989 0.5871724 0.4642547 0.5883346 0.5651843 0.5579492 0.5779519 0.43437022 0.5905525 0.57416517 0.5992181 0.5999349 0.45871562 0.56713444 0.4590305 0.58162487 0.59627527 0.44221038 0.4551841 0.60391474 0.6039433 0.45391494 0.45245832 0.56181335 0.5652734 0.5829007 0.45409983 0.569882 0.5697998 0.59947354 0.5638046 0.46842366 0.5723375 0.60474473 0.5982831 0.5881401 0.57446104 0.4731829 0.59110814 0.5938832 0.45224804 0.46061277 0.45299953 0.5899016 0.6142331 0.5979157 0.5935669 0.60256773 0.56597143 0.583133 0.5916269 0.45803437 0.45557055 0.60944 0.4582863 0.60056216 0.5987422 0.42541924 0.595686 0.5784732 0.47507745 0.6073646 0.58635867 0.5710472 0.60586894	
 accuracy: 100.00%
precision: 100.00%
   recall: 100.00%
       F1: 100.00%
      AUC: 100.00%

<test_data>
1 1 1 0 0 1 1 1 1 0 1 0 1 1 0 1 1 1 0 1 1 1 1 1 0 1 1 1 1 1 1 0 1 1 0	
0 0 1 0 1 1 1 1 1 0 1 0 1 1 1 1 1 1 1 1 0 1 1 1 0 1 1 1 1 1 0 1 1 1 1	
0.4911256 0.49621314 0.5841873 0.4760249 0.50136656 0.56993484 0.5264898 0.500585 0.5084898 0.49031964 0.50724065 0.4648135 0.54947764 0.5158742 0.53366053 0.5626145 0.5781103 0.57819116 0.5164349 0.5257016 0.49701786 0.51456535 0.53244674 0.5441099 0.4705491 0.51630247 0.53564554 0.533047 0.5376941 0.57146907 0.4924064 0.5346504 0.502755 0.50765604 0.50694877	
 accuracy: 74.29%
precision: 81.48%
   recall: 84.62%
       F1: 83.02%
      AUC: 76.50%
*----------------------------------------------------------------------------------------------------------
T2WI+DWI-P
<train_data>
1 1 1 1 0 0 1 0 1 0 1 0 0 0 1 0 1 1 1 0 0 1 1 1 1 1 0 1 1 0 1 1 1 1 0 0 0 0 1 0 1 1 0 0 1 1 0 1 1 0 1 1 1 1 0 1 1 0 0 1 0 0 1 0 1 1 1 1 1 1 0 0 0 1 0 1 1 0 1 1 1 1 0 1 1 1 1 0 1 0 1 1 0 0 1 1 0 0 1 1 1 0 1 1 1 1 0 1 1 1 1 1 0 1 1 0 0 0 1 1 1 1 1 1 1 1 0 0 1 0 1 1 0 1 1 0 1 1 1 1
1 1 1 1 0 0 1 0 1 0 1 0 0 0 1 0 1 1 1 0 0 1 1 1 1 1 0 1 1 0 1 1 1 1 0 0 0 0 1 0 1 1 0 0 1 1 0 1 1 0 1 1 1 1 0 1 1 0 0 1 0 0 1 0 1 1 1 1 1 1 0 0 0 1 0 1 1 0 1 1 1 1 0 1 1 1 1 0 1 0 1 1 0 0 1 1 0 0 1 1 1 0 1 1 1 1 0 1 1 1 1 1 0 1 1 0 0 0 1 1 1 1 1 1 1 1 0 0 1 0 1 1 0 1 1 0 1 1 1 1	
0.5608358 0.55014336 0.60451066 0.58507806 0.44776165 0.43233463 0.56862766 0.44533944 0.6006553 0.47861388 0.6029477 0.47900173 0.45875716 0.43629304 0.55694747 0.43209755 0.5785364 0.6083767 0.579382 0.4385407 0.4559163 0.57681745 0.5819238 0.5961012 0.6045375 0.5971736 0.4544711 0.5896294 0.5763615 0.4374783 0.585337 0.5839759 0.55427116 0.6076661 0.49428385 0.45489404 0.44929615 0.46310747 0.5833584 0.43534198 0.60028774 0.58461887 0.43733653 0.43379465 0.59737676 0.58693445 0.43437675 0.596944 0.5895827 0.43765002 0.5864009 0.60772175 0.56831837 0.5806897 0.4335483 0.5776245 0.60957235 0.44320807 0.4509592 0.58432794 0.47725 0.43410155 0.5722165 0.4444124 0.5901422 0.59816027 0.5888458 0.6085164 0.569215 0.5883908 0.44647396 0.4577921 0.45674112 0.5784359 0.45001137 0.5584686 0.55372727 0.46830308 0.5725811 0.5994312 0.6131906 0.5732509 0.43279132 0.57233286 0.5798325 0.5753109 0.5955455 0.44639537 0.55277807 0.44417176 0.56068987 0.58769965 0.4365527 0.4494102 0.60745376 0.54254234 0.45905235 0.47125083 0.57648677 0.58598244 0.57393694 0.43952858 0.5762133 0.59140205 0.59326655 0.5866764 0.46638957 0.58644545 0.6014264 0.560177 0.6013137 0.6021914 0.440988 0.59599286 0.6063081 0.44738173 0.44193646 0.44764793 0.5982344 0.60487145 0.5956154 0.5992116 0.5993485 0.6066945 0.59618765 0.5710957 0.43928936 0.43275672 0.5940395 0.46174538 0.598557 0.55885947 0.44642442 0.58839047 0.589465 0.47568318 0.592752 0.609455 0.5726909 0.5873634	
 accuracy: 100.00%
precision: 100.00%
   recall: 100.00%
       F1: 100.00%
      AUC: 100.00%

<test_data>
1 1 1 0 0 1 1 1 1 0 1 0 1 1 0 1 1 1 0 1 1 1 1 1 0 1 1 1 1 1 1 0 1 1 0	
0 1 1 0 1 1 1 1 1 1 1 1 1 1 1 1 1 1 0 1 1 1 1 1 0 1 1 1 1 1 1 0 1 1 0	
0.49186495 0.50117666 0.5614334 0.46962684 0.5372307 0.5319158 0.568848 0.5398994 0.58834845 0.50438446 0.53595865 0.5577665 0.52861166 0.57685727 0.5668565 0.5983936 0.58749473 0.51647294 0.4721802 0.5531629 0.5117159 0.5629648 0.5611135 0.58166957 0.49362373 0.52307385 0.5233335 0.5338303 0.55445266 0.56924415 0.5399546 0.48948592 0.5853802 0.5423776 0.49541402	
 accuracy: 85.71%
precision: 86.21%
   recall: 96.15%
       F1: 90.91%
      AUC: 79.91%
*----------------------------------------------------------------------------------------------------------
ADC+DWI-C
<train_data>
1 1 1 1 0 0 1 0 1 0 1 0 0 0 1 0 1 1 1 0 0 1 1 1 1 1 0 1 1 0 1 1 1 1 0 0 0 0 1 0 1 1 0 0 1 1 0 1 1 0 1 1 1 1 0 1 1 0 0 1 0 0 1 0 1 1 1 1 1 1 0 0 0 1 0 1 1 0 1 1 1 1 0 1 1 1 1 0 1 0 1 1 0 0 1 1 0 0 1 1 1 0 1 1 1 1 0 1 1 1 1 1 0 1 1 0 0 0 1 1 1 1 1 1 1 1 0 0 1 0 1 1 0 1 1 0 1 1 1 1
1 1 1 1 0 0 1 0 1 0 1 0 0 0 1 0 1 1 1 0 0 1 1 1 1 1 0 1 1 0 1 1 1 1 0 0 0 0 1 0 1 1 0 0 1 1 0 1 1 0 1 1 1 1 0 1 1 0 0 1 0 0 1 0 1 1 1 1 1 1 0 0 0 1 0 1 1 0 1 1 1 1 0 1 1 1 1 0 1 0 1 1 0 0 1 1 0 0 1 1 1 0 1 1 1 1 0 1 1 1 1 1 0 1 1 0 0 0 1 1 1 1 1 1 1 1 0 0 1 0 1 1 0 1 1 0 1 1 1 1	
0.58256304 0.5622244 0.5930253 0.5842995 0.46132174 0.41885346 0.5834814 0.4614214 0.5930659 0.43792757 0.58424807 0.4731322 0.46904454 0.45618004 0.5506967 0.44463652 0.6060075 0.57195145 0.5536557 0.44107947 0.44746083 0.545766 0.58310467 0.5776187 0.5926412 0.5933369 0.44520444 0.56338674 0.5871893 0.4291064 0.5790728 0.59076923 0.592848 0.5959653 0.44090262 0.45300457 0.46489525 0.4693043 0.5924631 0.44148505 0.5794579 0.60297537 0.45334122 0.43449908 0.59348583 0.5902015 0.43393466 0.5977312 0.58256906 0.46139178 0.5820674 0.59307516 0.5819074 0.5876598 0.4551512 0.5839276 0.6066946 0.4299952 0.42183062 0.582728 0.41519475 0.446115 0.58608747 0.45102856 0.58354735 0.580899 0.583572 0.5809582 0.5937853 0.5927107 0.43247738 0.43950036 0.45360786 0.59936005 0.4631417 0.582269 0.5767963 0.4784992 0.57009363 0.5954295 0.60369295 0.5985549 0.45851254 0.57870144 0.5872912 0.58334076 0.56146723 0.45225286 0.5492378 0.42147923 0.5815963 0.57959455 0.4741369 0.45411634 0.5814353 0.5959722 0.4554777 0.45181572 0.5763008 0.5782694 0.60146177 0.44424015 0.5930081 0.58060896 0.557955 0.5878431 0.4490955 0.5856206 0.5721885 0.5788781 0.5892745 0.6008103 0.4470266 0.58595186 0.57797796 0.4564995 0.43861374 0.44140652 0.5889998 0.58897823 0.58062774 0.59492165 0.5934823 0.55982935 0.5858143 0.6020842 0.4672143 0.44756964 0.5641626 0.4388124 0.58101445 0.58446294 0.47271466 0.5722345 0.58492285 0.46269748 0.58511364 0.60052526 0.5838259 0.58048654	
 accuracy: 100.00%
precision: 100.00%
   recall: 100.00%
       F1: 100.00%
      AUC: 100.00%

<test_data>
1 1 1 0 0 1 1 1 1 0 1 0 1 1 0 1 1 1 0 1 1 1 1 1 0 1 1 1 1 1 1 0 1 1 0	
1 1 1 1 1 1 0 1 1 1 1 1 1 1 1 1 1 1 1 0 1 1 1 1 1 0 1 1 1 1 1 0 1 0 0	
0.5099641 0.5336248 0.5438833 0.5777374 0.5433902 0.57823557 0.4737255 0.55677795 0.5286179 0.51017815 0.5308649 0.5136481 0.5792914 0.5388918 0.53597194 0.53500104 0.51593685 0.5735528 0.5338639 0.48452845 0.54447114 0.5288325 0.5582263 0.50151175 0.5409511 0.4758401 0.5299158 0.55863994 0.5681388 0.52249813 0.5253333 0.486845 0.5158932 0.49074128 0.4835898	
 accuracy: 68.57%
precision: 75.86%
   recall: 84.62%
       F1: 80.00%
      AUC: 54.70%
*----------------------------------------------------------------------------------------------------------
ADC+DWI-M
<train_data>
1 1 1 1 0 0 1 0 1 0 1 0 0 0 1 0 1 1 1 0 0 1 1 1 1 1 0 1 1 0 1 1 1 1 0 0 0 0 1 0 1 1 0 0 1 1 0 1 1 0 1 1 1 1 0 1 1 0 0 1 0 0 1 0 1 1 1 1 1 1 0 0 0 1 0 1 1 0 1 1 1 1 0 1 1 1 1 0 1 0 1 1 0 0 1 1 0 0 1 1 1 0 1 1 1 1 0 1 1 1 1 1 0 1 1 0 0 0 1 1 1 1 1 1 1 1 0 0 1 0 1 1 0 1 1 0 1 1 1 1
1 1 1 1 0 0 1 0 1 0 1 0 0 0 1 0 1 1 1 0 0 1 1 1 1 1 0 1 1 0 1 1 1 1 0 0 0 0 1 0 1 1 0 0 1 1 0 1 1 0 1 1 1 1 0 1 1 0 0 1 0 0 1 0 1 1 1 1 1 1 0 0 0 1 0 1 1 0 1 1 1 1 0 1 1 1 1 0 1 0 1 1 0 0 1 1 0 0 1 1 1 0 1 1 1 1 0 1 1 1 1 1 0 1 1 0 0 0 1 1 1 1 1 1 1 1 0 0 1 0 1 1 0 1 1 0 1 1 1 1	
0.57848066 0.5723034 0.56635916 0.5823053 0.43338513 0.42000824 0.58045495 0.43685752 0.59964865 0.44246972 0.60097814 0.47001812 0.47987387 0.4432787 0.5741827 0.43347597 0.6040896 0.5794392 0.5598521 0.4497517 0.46163726 0.55521184 0.60356396 0.57099164 0.5724333 0.59506345 0.42274523 0.5814784 0.5972375 0.43200555 0.56888664 0.5929176 0.5855508 0.60961366 0.42820567 0.430948 0.4468597 0.46234182 0.5637242 0.42615396 0.57681173 0.602952 0.4322438 0.46812776 0.58474916 0.57638747 0.414108 0.609571 0.5753575 0.4373919 0.595989 0.6097181 0.576861 0.5765388 0.44398922 0.5704958 0.60443693 0.42626053 0.4155853 0.57976425 0.46128708 0.46304023 0.59945405 0.43748477 0.5766736 0.58020175 0.59936625 0.5860822 0.58756757 0.6033201 0.4307545 0.42251647 0.45405275 0.5664725 0.4403724 0.58481026 0.54292095 0.46120146 0.55530787 0.5866376 0.59186745 0.57696646 0.45866466 0.5991769 0.579197 0.608574 0.5788098 0.45232746 0.5811569 0.4290026 0.5790986 0.5658978 0.44773304 0.44630653 0.5960469 0.587498 0.45883617 0.4386885 0.5898906 0.5743861 0.5902252 0.4424559 0.5865849 0.55964917 0.57660687 0.56466454 0.48598215 0.59688556 0.5792808 0.5899424 0.5731945 0.60176975 0.44510153 0.5935869 0.59455097 0.43921676 0.44235602 0.4445363 0.5755258 0.58888566 0.60019433 0.5954429 0.5961808 0.5525861 0.58194053 0.58640254 0.460079 0.4281405 0.5643344 0.44690838 0.58974135 0.59496814 0.4328309 0.60382324 0.5847072 0.47117206 0.5866508 0.58375186 0.56459415 0.5985304	
 accuracy: 100.00%
precision: 100.00%
   recall: 100.00%
       F1: 100.00%
      AUC: 100.00%

<test_data>
1 1 1 0 0 1 1 1 1 0 1 0 1 1 0 1 1 1 0 1 1 1 1 1 0 1 1 1 1 1 1 0 1 1 0	
0 1 1 1 0 1 1 1 1 1 1 1 1 1 1 1 0 1 0 1 1 1 1 1 1 1 0 1 1 0 1 0 1 1 1	
0.44668907 0.518267 0.51860136 0.53661186 0.4992356 0.5234532 0.5224108 0.56826717 0.5474818 0.5020518 0.52875125 0.5500474 0.56972796 0.5411552 0.5934914 0.57308906 0.49200144 0.5878746 0.47533777 0.53570837 0.54313236 0.5491953 0.53547627 0.54541206 0.5142036 0.5170162 0.49196216 0.53395444 0.58188653 0.4744531 0.5764026 0.4393183 0.551578 0.50961846 0.5480474	
 accuracy: 71.43%
precision: 78.57%
   recall: 84.62%
       F1: 81.48%
      AUC: 60.68%
*----------------------------------------------------------------------------------------------------------
ADC+DWI-P
<train_data>
1 1 1 1 0 0 1 0 1 0 1 0 0 0 1 0 1 1 1 0 0 1 1 1 1 1 0 1 1 0 1 1 1 1 0 0 0 0 1 0 1 1 0 0 1 1 0 1 1 0 1 1 1 1 0 1 1 0 0 1 0 0 1 0 1 1 1 1 1 1 0 0 0 1 0 1 1 0 1 1 1 1 0 1 1 1 1 0 1 0 1 1 0 0 1 1 0 0 1 1 1 0 1 1 1 1 0 1 1 1 1 1 0 1 1 0 0 0 1 1 1 1 1 1 1 1 0 0 1 0 1 1 0 1 1 0 1 1 1 1
1 1 1 1 0 0 1 0 1 0 1 0 0 0 1 0 1 1 1 0 0 1 1 1 1 1 0 1 1 0 1 1 1 1 0 0 0 0 1 0 1 1 0 0 1 1 0 1 1 0 1 1 1 1 0 1 1 0 0 1 0 0 1 0 1 1 1 1 1 1 0 0 0 1 0 1 1 0 1 1 1 1 0 1 1 1 1 0 1 0 1 1 0 0 1 1 0 0 1 1 1 0 1 1 1 1 0 1 1 1 1 1 0 1 1 0 0 0 1 1 1 1 1 1 1 1 0 0 1 0 1 1 0 1 1 0 1 1 1 1	
0.58011687 0.56414807 0.5922199 0.6010474 0.47699204 0.42613456 0.597867 0.469975 0.5910065 0.42847788 0.6062249 0.48395818 0.4276016 0.42216486 0.5313375 0.41677433 0.5949443 0.5846543 0.59549266 0.42111248 0.46387157 0.54431313 0.5777342 0.58719593 0.60632855 0.56710714 0.4214666 0.6022412 0.5854143 0.42216146 0.59717375 0.5879873 0.59629 0.6034508 0.46400392 0.46013197 0.45712373 0.44732752 0.5920687 0.4180454 0.5897835 0.6061837 0.42509487 0.43386087 0.58747596 0.55970144 0.43657655 0.5717599 0.5923444 0.44292706 0.6104659 0.605424 0.5806189 0.59394795 0.44939974 0.5915334 0.5979559 0.41549253 0.41594434 0.56021845 0.4566532 0.4656839 0.5921539 0.44264945 0.6026255 0.5944726 0.60505605 0.59406435 0.59529 0.6004548 0.41861603 0.43191695 0.45377815 0.59839445 0.48222503 0.5941776 0.57003206 0.48245254 0.5564544 0.5870353 0.6042215 0.60368407 0.42939317 0.58048 0.5797099 0.5799407 0.5703558 0.4402329 0.57406694 0.45121086 0.5825808 0.5840234 0.4476693 0.48305842 0.6052633 0.5854575 0.49580452 0.45295545 0.5942156 0.585924 0.6036632 0.42779762 0.5921351 0.54595953 0.5738259 0.5942246 0.43631846 0.5790157 0.6040236 0.6052269 0.57033235 0.59075063 0.42655116 0.59865487 0.5519625 0.45966718 0.4217308 0.42727613 0.57588 0.5813348 0.58324903 0.5959502 0.6052872 0.56596375 0.5953695 0.60230196 0.4361715 0.42814627 0.5819951 0.49750316 0.6022781 0.5471112 0.43143252 0.5744393 0.58807915 0.4590417 0.5960786 0.6042206 0.5464557 0.59409994	
 accuracy: 100.00%
precision: 100.00%
   recall: 100.00%
       F1: 100.00%
      AUC: 100.00%

<test_data>
1 1 1 0 0 1 1 1 1 0 1 0 1 1 0 1 1 1 0 1 1 1 1 1 0 1 1 1 1 1 1 0 1 1 0	
1 1 1 1 1 1 1 1 1 0 1 1 1 1 1 1 1 1 0 0 1 1 1 1 1 1 1 1 1 0 1 0 1 0 1	
0.51508373 0.6025518 0.58487606 0.57773477 0.5709709 0.5530363 0.5819597 0.51641005 0.5391629 0.47155654 0.55501574 0.587878 0.5673101 0.5872952 0.57109207 0.5695364 0.5201142 0.5658166 0.48554605 0.45073676 0.5539335 0.5872187 0.58081824 0.5022592 0.56707346 0.58880335 0.5494646 0.569229 0.5912425 0.49022117 0.5234644 0.44288954 0.53892195 0.44484824 0.501392	
 accuracy: 74.29%
precision: 79.31%
   recall: 88.46%
       F1: 83.64%
      AUC: 57.69%
*----------------------------------------------------------------------------------------------------------
T2WI+ADC-C
<train_data>
1 1 1 1 0 0 1 0 1 0 1 0 0 0 1 0 1 1 1 0 0 1 1 1 1 1 0 1 1 0 1 1 1 1 0 0 0 0 1 0 1 1 0 0 1 1 0 1 1 0 1 1 1 1 0 1 1 0 0 1 0 0 1 0 1 1 1 1 1 1 0 0 0 1 0 1 1 0 1 1 1 1 0 1 1 1 1 0 1 0 1 1 0 0 1 1 0 0 1 1 1 0 1 1 1 1 0 1 1 1 1 1 0 1 1 0 0 0 1 1 1 1 1 1 1 1 0 0 1 0 1 1 0 1 1 0 1 1 1 1
1 1 1 1 0 0 1 0 1 0 1 0 0 0 1 0 1 1 1 0 0 1 1 1 1 1 0 1 1 0 1 1 1 1 0 0 0 0 1 0 1 1 0 0 1 1 0 1 1 0 1 1 1 1 0 1 1 0 0 1 0 0 1 0 1 1 1 1 1 1 0 0 0 1 0 1 1 0 1 1 1 1 0 1 1 1 1 0 1 0 1 1 0 0 1 1 0 0 1 1 1 0 1 1 1 1 0 1 1 1 1 1 0 1 1 0 0 0 1 1 1 1 1 1 1 1 0 0 1 0 1 1 0 1 1 0 1 1 1 1	
0.597244 0.5706832 0.58366656 0.56524086 0.4400005 0.44578138 0.5811061 0.4441853 0.60420704 0.44627088 0.5861615 0.48529795 0.47587812 0.44939256 0.5827537 0.43998745 0.58173484 0.5546241 0.5689345 0.43850872 0.4451923 0.5756137 0.588254 0.5684361 0.58650297 0.58213884 0.4501489 0.59698486 0.60787785 0.44271734 0.5446436 0.56743985 0.5855101 0.59786433 0.4498125 0.44206297 0.4643338 0.46887055 0.5975818 0.4379376 0.5687404 0.60147023 0.45379362 0.43888333 0.5673203 0.56430626 0.43835622 0.58255035 0.57791966 0.4564582 0.58194596 0.59726775 0.60012686 0.5781478 0.43606743 0.5873739 0.6033764 0.44161326 0.46041125 0.59632546 0.4501587 0.48197073 0.5932224 0.43941733 0.571936 0.5949796 0.5688811 0.57985735 0.58518386 0.6025919 0.43818918 0.4461009 0.43970928 0.58994 0.46203613 0.57907003 0.5618802 0.46609882 0.57687527 0.58373207 0.5939098 0.5999798 0.4546253 0.59557575 0.5670654 0.59527403 0.5941021 0.45643112 0.59103554 0.43862414 0.56984 0.5437814 0.4514292 0.45028237 0.595636 0.60343134 0.44493115 0.4472555 0.56636316 0.5937911 0.6010638 0.44847402 0.5744025 0.5966558 0.592553 0.5802947 0.46267477 0.5871248 0.5819727 0.5476802 0.5875065 0.58623093 0.44258374 0.59098554 0.586802 0.4692803 0.45228487 0.44327244 0.5620167 0.60886234 0.5581503 0.5900006 0.5836968 0.58404225 0.5869581 0.5759994 0.45456558 0.43738195 0.58028626 0.44102713 0.59640896 0.57474333 0.44657025 0.5997782 0.5877304 0.4364951 0.6023777 0.5970909 0.5741442 0.5949975	
 accuracy: 100.00%
precision: 100.00%
   recall: 100.00%
       F1: 100.00%
      AUC: 100.00%

<test_data>
1 1 1 0 0 1 1 1 1 0 1 0 1 1 0 1 1 1 0 1 1 1 1 1 0 1 1 1 1 1 1 0 1 1 0	
1 0 1 0 1 1 1 1 1 1 1 1 1 1 1 1 1 1 1 0 1 1 1 1 1 1 1 1 1 1 1 0 1 1 1	
0.51094675 0.4882807 0.5780707 0.4825493 0.5586277 0.54486066 0.54584515 0.5137957 0.5071179 0.52916336 0.5086563 0.5255582 0.5836624 0.5326136 0.5056667 0.5335183 0.5700874 0.5048143 0.5487808 0.48646447 0.5641385 0.5594563 0.52611107 0.5209736 0.50037813 0.5436387 0.53159213 0.55519664 0.5164286 0.57432073 0.5213926 0.4904584 0.5354958 0.5508913 0.5029466	
 accuracy: 74.29%
precision: 77.42%
   recall: 92.31%
       F1: 84.21%
      AUC: 70.94%
*----------------------------------------------------------------------------------------------------------
T2WI+ADC-M
<train_data>
1 1 1 1 0 0 1 0 1 0 1 0 0 0 1 0 1 1 1 0 0 1 1 1 1 1 0 1 1 0 1 1 1 1 0 0 0 0 1 0 1 1 0 0 1 1 0 1 1 0 1 1 1 1 0 1 1 0 0 1 0 0 1 0 1 1 1 1 1 1 0 0 0 1 0 1 1 0 1 1 1 1 0 1 1 1 1 0 1 0 1 1 0 0 1 1 0 0 1 1 1 0 1 1 1 1 0 1 1 1 1 1 0 1 1 0 0 0 1 1 1 1 1 1 1 1 0 0 1 0 1 1 0 1 1 0 1 1 1 1
1 1 1 1 0 0 1 0 1 0 1 0 0 0 1 0 1 1 1 0 0 1 1 1 1 1 0 1 1 0 1 1 1 1 0 0 0 0 1 0 1 1 0 0 1 1 0 1 1 0 1 1 1 1 0 1 1 0 0 1 0 0 1 0 1 1 1 1 1 1 0 0 0 1 0 1 1 0 1 1 1 1 0 1 1 1 1 0 1 0 1 1 0 0 1 1 0 0 1 1 1 0 1 1 1 1 0 1 1 1 1 1 0 1 1 0 0 0 1 1 1 1 1 1 1 1 0 0 1 0 1 1 0 1 1 0 1 1 1 1	
0.5946689 0.58980006 0.5858162 0.54293615 0.42565975 0.41966617 0.59157383 0.4355696 0.58982444 0.4393604 0.59337956 0.45057186 0.48770013 0.42162156 0.58565867 0.43569145 0.56578296 0.59500724 0.55942816 0.44160554 0.44817987 0.5143902 0.59399724 0.58727133 0.58189416 0.5917251 0.42076802 0.5973877 0.5875526 0.4270139 0.58528453 0.58091027 0.5745504 0.59850854 0.42890012 0.47055772 0.44198772 0.424704 0.5816717 0.4284959 0.5842703 0.5940701 0.4592481 0.435517 0.5709464 0.58133423 0.4182778 0.5957908 0.5796523 0.45026383 0.57273126 0.5840091 0.5909217 0.5839393 0.4495654 0.60062224 0.55093914 0.440249 0.46450987 0.5852685 0.47564897 0.46160096 0.5688345 0.41366115 0.57318985 0.586695 0.5870549 0.5681514 0.59338504 0.5853486 0.44942817 0.45073512 0.4370365 0.58827555 0.4323354 0.5728884 0.5833152 0.47113279 0.5899114 0.5853618 0.56199384 0.5679083 0.43784958 0.59525985 0.58945876 0.60030544 0.6076729 0.46561918 0.56580156 0.4386363 0.58637357 0.5985626 0.443261 0.44527107 0.59314793 0.59303886 0.4681519 0.4471764 0.5666094 0.56930715 0.6048721 0.4585711 0.5715114 0.56973535 0.60147834 0.57206255 0.4601807 0.560231 0.5923302 0.5991781 0.59977245 0.58788407 0.4570546 0.5832087 0.59494954 0.4476775 0.45308238 0.45604402 0.5897666 0.60002804 0.59569067 0.591749 0.5960534 0.5845648 0.5797601 0.58348453 0.47560108 0.44070452 0.6028927 0.44624063 0.59666145 0.5796078 0.42961416 0.5944937 0.57260984 0.43769643 0.5989192 0.57371 0.58465385 0.5874489	
 accuracy: 100.00%
precision: 100.00%
   recall: 100.00%
       F1: 100.00%
      AUC: 100.00%

<test_data>
1 1 1 0 0 1 1 1 1 0 1 0 1 1 0 1 1 1 0 1 1 1 1 1 0 1 1 1 1 1 1 0 1 1 0	
1 1 1 0 1 1 0 1 1 0 0 1 1 1 0 1 1 1 1 1 0 1 1 1 0 1 1 1 1 1 0 1 0 1 0	
0.5324498 0.5054442 0.5624756 0.46855456 0.5272412 0.5296883 0.48959208 0.5064882 0.54075617 0.4339108 0.48031208 0.5285586 0.5507531 0.5100557 0.49749056 0.55155134 0.58422756 0.528019 0.5419573 0.5322742 0.49274302 0.50703055 0.51849043 0.5338197 0.46079698 0.5304199 0.53373826 0.5173432 0.5196268 0.56515956 0.46070415 0.52964294 0.45829192 0.5475745 0.49845424	
 accuracy: 74.29%
precision: 84.00%
   recall: 80.77%
       F1: 82.35%
      AUC: 69.23%
*----------------------------------------------------------------------------------------------------------
T2WI+ADC-P
<train_data>
1 1 1 1 0 0 1 0 1 0 1 0 0 0 1 0 1 1 1 0 0 1 1 1 1 1 0 1 1 0 1 1 1 1 0 0 0 0 1 0 1 1 0 0 1 1 0 1 1 0 1 1 1 1 0 1 1 0 0 1 0 0 1 0 1 1 1 1 1 1 0 0 0 1 0 1 1 0 1 1 1 1 0 1 1 1 1 0 1 0 1 1 0 0 1 1 0 0 1 1 1 0 1 1 1 1 0 1 1 1 1 1 0 1 1 0 0 0 1 1 1 1 1 1 1 1 0 0 1 0 1 1 0 1 1 0 1 1 1 1
1 1 1 1 0 0 1 0 1 0 1 0 0 0 1 0 1 1 1 0 0 1 1 1 1 1 0 1 1 0 1 1 1 1 0 0 0 0 1 0 1 1 0 0 1 1 0 1 1 0 1 1 1 1 0 1 1 0 0 1 0 0 1 0 1 1 1 1 1 1 0 0 0 1 0 1 1 0 1 1 1 1 0 1 1 1 1 0 1 0 1 1 0 0 1 1 0 0 1 1 1 0 1 1 1 1 0 1 1 1 1 1 0 1 1 0 0 0 1 1 1 1 1 1 1 1 0 0 1 0 1 1 0 1 1 0 1 1 1 1	
0.59834456 0.5475982 0.59534705 0.58129597 0.44067731 0.43691263 0.5677574 0.4432859 0.6017805 0.44283265 0.59233665 0.49614963 0.4515662 0.4365516 0.5916421 0.4389235 0.58536327 0.5991781 0.5946932 0.4362808 0.4452672 0.5609254 0.5743809 0.5920927 0.60052675 0.567575 0.4412556 0.6031588 0.5862701 0.43721107 0.56779903 0.5886047 0.5483813 0.5627927 0.4567465 0.4570505 0.44056597 0.44635746 0.5721084 0.4336949 0.5932109 0.5984629 0.4402425 0.45631447 0.5982989 0.58256406 0.43887118 0.59199566 0.59866846 0.43483385 0.5831826 0.60661215 0.59129786 0.57605773 0.46387234 0.583697 0.60404915 0.4575952 0.4850927 0.60253924 0.47571024 0.4603395 0.5958957 0.4563632 0.5890445 0.5911527 0.5928339 0.59118867 0.6000237 0.581751 0.4679454 0.4664627 0.46398303 0.5834273 0.43840355 0.58343023 0.5500514 0.4615392 0.5935159 0.6014241 0.5862437 0.6001834 0.44283605 0.58189476 0.5797895 0.57033664 0.5915835 0.47797948 0.54499245 0.43940127 0.544092 0.57122815 0.44879502 0.44101486 0.5835624 0.5697446 0.4697313 0.45653203 0.55992895 0.5930218 0.57781214 0.44015104 0.5774832 0.59890294 0.60242563 0.59141177 0.45107955 0.601129 0.6008605 0.5721825 0.58845323 0.59890395 0.45936492 0.5908856 0.59839505 0.4509582 0.43618786 0.46410546 0.5862522 0.599412 0.58875805 0.5995173 0.60033816 0.5954135 0.57777125 0.59317005 0.44409195 0.43630657 0.57863677 0.4516705 0.59409654 0.55513453 0.440036 0.59665704 0.58176863 0.45465344 0.6028265 0.60636914 0.55301887 0.6087609	
 accuracy: 100.00%
precision: 100.00%
   recall: 100.00%
       F1: 100.00%
      AUC: 100.00%

<test_data>
1 1 1 0 0 1 1 1 1 0 1 0 1 1 0 1 1 1 0 1 1 1 1 1 0 1 1 1 1 1 1 0 1 1 0	
0 0 1 0 1 1 1 1 1 1 1 1 1 1 1 1 1 1 1 1 0 1 1 1 1 0 1 1 1 1 0 0 1 1 1	
0.48175827 0.49616393 0.58457714 0.46515834 0.56832725 0.5198118 0.5664578 0.55519533 0.5726078 0.5613912 0.5447938 0.500459 0.5370332 0.5580921 0.5241876 0.5742444 0.58422965 0.53881735 0.5007778 0.53077996 0.48898432 0.58731097 0.5679434 0.5472736 0.55580527 0.48684806 0.5460744 0.54419565 0.5102939 0.5663518 0.48536614 0.47305998 0.50586575 0.557172 0.54492867	
 accuracy: 65.71%
precision: 75.00%
   recall: 80.77%
       F1: 77.78%
      AUC: 63.25%
*----------------------------------------------------------------------------------------------------------
T2WI+ADC+DWI-C
<train_data>
1 1 1 1 0 0 1 0 1 0 1 0 0 0 1 0 1 1 1 0 0 1 1 1 1 1 0 1 1 0 1 1 1 1 0 0 0 0 1 0 1 1 0 0 1 1 0 1 1 0 1 1 1 1 0 1 1 0 0 1 0 0 1 0 1 1 1 1 1 1 0 0 0 1 0 1 1 0 1 1 1 1 0 1 1 1 1 0 1 0 1 1 0 0 1 1 0 0 1 1 1 0 1 1 1 1 0 1 1 1 1 1 0 1 1 0 0 0 1 1 1 1 1 1 1 1 0 0 1 0 1 1 0 1 1 0 1 1 1 1
1 1 1 1 0 0 1 0 1 0 1 0 0 0 1 0 1 1 1 0 0 1 1 1 1 1 0 1 1 0 1 1 1 1 0 0 0 0 1 0 1 1 0 0 1 1 0 1 1 0 1 1 1 1 0 1 1 0 0 1 0 0 1 0 1 1 1 1 1 1 0 0 0 1 0 1 1 0 1 1 1 1 0 1 1 1 1 0 1 0 1 1 0 0 1 1 0 0 1 1 1 0 1 1 1 1 0 1 1 1 1 1 0 1 1 0 0 0 1 1 1 1 1 1 1 1 0 0 1 0 1 1 0 1 1 0 1 1 1 1	
0.59313107 0.5688724 0.58882695 0.5713181 0.44123334 0.43871802 0.58216995 0.44631326 0.60241437 0.44874686 0.5864699 0.47556376 0.46790248 0.44910842 0.58253694 0.43806443 0.58286434 0.56898403 0.5695328 0.43648237 0.44673893 0.581687 0.58107173 0.5772203 0.58500254 0.5754829 0.44241586 0.5933672 0.59978193 0.44208542 0.56116194 0.5759871 0.5879041 0.5952942 0.44924673 0.44442886 0.45792654 0.46731213 0.59600115 0.43859032 0.5715441 0.6035051 0.45370132 0.43703797 0.5743716 0.5565515 0.4411933 0.5889646 0.5786723 0.45293915 0.59056264 0.5966052 0.58776647 0.5782777 0.4414631 0.5879011 0.5932504 0.44631594 0.45389384 0.5931444 0.45049432 0.47327915 0.5895167 0.43687218 0.57224685 0.5923538 0.57645106 0.58499473 0.5886224 0.60089964 0.4438695 0.4483305 0.44043168 0.5908078 0.45758024 0.5812628 0.56097925 0.4642562 0.5740143 0.58402556 0.59199154 0.59235364 0.4514392 0.5963952 0.572113 0.59240174 0.59203786 0.45550415 0.5825659 0.43898264 0.57492596 0.5526567 0.44864136 0.45664564 0.59343827 0.59826213 0.44697782 0.45134482 0.5721291 0.5893626 0.59906465 0.44261834 0.57780486 0.5944949 0.586828 0.5828739 0.46128723 0.58949065 0.5788176 0.554047 0.59049016 0.59210545 0.44113883 0.59126055 0.5870151 0.4628406 0.4523464 0.4449715 0.57212114 0.60379845 0.5678788 0.5951753 0.5837797 0.5870495 0.586577 0.57916075 0.45454213 0.43889937 0.5855798 0.4389201 0.5927849 0.5791253 0.44715253 0.5973684 0.58579224 0.43970105 0.59355414 0.5974019 0.5813011 0.5890495	
 accuracy: 100.00%
precision: 100.00%
   recall: 100.00%
       F1: 100.00%
      AUC: 100.00%

<test_data>
1 1 1 0 0 1 1 1 1 0 1 0 1 1 0 1 1 1 0 1 1 1 1 1 0 1 1 1 1 1 1 0 1 1 0	
0 0 1 0 1 1 1 1 1 1 1 1 1 1 1 1 1 1 1 1 1 1 1 1 1 1 1 1 1 1 1 0 1 1 1	
0.4965008 0.4930578 0.5740537 0.48002437 0.55997616 0.5519864 0.525581 0.5191232 0.52051044 0.5289855 0.50481224 0.5348528 0.5772209 0.5318221 0.52327037 0.5405269 0.57533324 0.5271053 0.5436339 0.5111532 0.5603769 0.5585551 0.53859544 0.5192359 0.50461745 0.5418417 0.53795725 0.55421215 0.5257903 0.56562287 0.5224104 0.4805477 0.54498637 0.5548732 0.50262356	
 accuracy: 74.29%
precision: 77.42%
   recall: 92.31%
       F1: 84.21%
      AUC: 69.23%
*----------------------------------------------------------------------------------------------------------
T2WI+ADC+DWI-M
<train_data>
1 1 1 1 0 0 1 0 1 0 1 0 0 0 1 0 1 1 1 0 0 1 1 1 1 1 0 1 1 0 1 1 1 1 0 0 0 0 1 0 1 1 0 0 1 1 0 1 1 0 1 1 1 1 0 1 1 0 0 1 0 0 1 0 1 1 1 1 1 1 0 0 0 1 0 1 1 0 1 1 1 1 0 1 1 1 1 0 1 0 1 1 0 0 1 1 0 0 1 1 1 0 1 1 1 1 0 1 1 1 1 1 0 1 1 0 0 0 1 1 1 1 1 1 1 1 0 0 1 0 1 1 0 1 1 0 1 1 1 1
1 1 1 1 0 0 1 0 1 0 1 0 0 0 1 0 1 1 1 0 0 1 1 1 1 1 0 1 1 0 1 1 1 1 0 0 0 0 1 0 1 1 0 0 1 1 0 1 1 0 1 1 1 1 0 1 1 0 0 1 0 0 1 0 1 1 1 1 1 1 0 0 0 1 0 1 1 0 1 1 1 1 0 1 1 1 1 0 1 0 1 1 0 0 1 1 0 0 1 1 1 0 1 1 1 1 0 1 1 1 1 1 0 1 1 0 0 0 1 1 1 1 1 1 1 1 0 0 1 0 1 1 0 1 1 0 1 1 1 1	
0.59759504 0.5926265 0.58952355 0.5432668 0.43473434 0.42456317 0.59241676 0.4339982 0.5867932 0.43859968 0.5925001 0.4509431 0.4780307 0.41913155 0.58637077 0.43337512 0.5667247 0.5933909 0.5723569 0.43835187 0.43978995 0.5241205 0.5950182 0.59935224 0.58480924 0.6045394 0.41884777 0.59213847 0.5819118 0.43038025 0.5728222 0.5903362 0.57873935 0.6033826 0.44079152 0.45741835 0.44920072 0.4303852 0.57109904 0.4309691 0.5785977 0.59340984 0.462676 0.42958114 0.58611804 0.5762782 0.42470297 0.5970258 0.59142053 0.45696357 0.5757156 0.5816427 0.57519054 0.59427065 0.44227967 0.5803551 0.5592651 0.44272685 0.46341762 0.5769298 0.45470554 0.4515211 0.5663633 0.41568696 0.5772377 0.58662105 0.5964782 0.57114697 0.58598256 0.58633786 0.4500949 0.45429924 0.43239534 0.5938909 0.43234462 0.5772922 0.5930656 0.45463496 0.59039897 0.5819507 0.56265235 0.5763995 0.4313703 0.5913549 0.58769053 0.5963375 0.5988074 0.45261192 0.5741612 0.44350895 0.58869797 0.5956168 0.43806618 0.4502604 0.59800196 0.5917115 0.45437238 0.45044073 0.56983227 0.57707185 0.59175336 0.44889113 0.5745362 0.57734025 0.600442 0.57237864 0.46267956 0.5664364 0.6000027 0.5984405 0.5926509 0.5844267 0.46760452 0.5865963 0.5982762 0.44117558 0.45277324 0.4491435 0.59331936 0.60609996 0.5994614 0.5903836 0.60167134 0.5804157 0.58268803 0.58352053 0.46043074 0.4384057 0.60566074 0.45088193 0.5995366 0.5901876 0.4249694 0.5969629 0.57101816 0.45247686 0.60235274 0.5866388 0.5828027 0.599809	
 accuracy: 100.00%
precision: 100.00%
   recall: 100.00%
       F1: 100.00%
      AUC: 100.00%

<test_data>
1 1 1 0 0 1 1 1 1 0 1 0 1 1 0 1 1 1 0 1 1 1 1 1 0 1 1 1 1 1 1 0 1 1 0	
1 1 1 0 0 1 1 1 1 0 0 1 1 1 1 1 1 1 1 1 0 1 1 1 0 1 1 1 1 1 0 1 0 1 0	
0.5259158 0.51467025 0.5648034 0.4813203 0.49346495 0.54950196 0.5143284 0.5162479 0.54082215 0.45257148 0.49564943 0.51702064 0.5566464 0.5188626 0.50805146 0.56027406 0.57932603 0.5478376 0.5429312 0.52806437 0.49155614 0.5071751 0.51245236 0.5471225 0.4576804 0.5343936 0.5214044 0.5199735 0.54407144 0.5510123 0.45967948 0.5366036 0.48474213 0.5276939 0.49223563	
 accuracy: 77.14%
precision: 84.62%
   recall: 84.62%
       F1: 84.62%
      AUC: 76.92%
*----------------------------------------------------------------------------------------------------------
T2WI+ADC+DWI-P
<train_data>
1 1 1 1 0 0 1 0 1 0 1 0 0 0 1 0 1 1 1 0 0 1 1 1 1 1 0 1 1 0 1 1 1 1 0 0 0 0 1 0 1 1 0 0 1 1 0 1 1 0 1 1 1 1 0 1 1 0 0 1 0 0 1 0 1 1 1 1 1 1 0 0 0 1 0 1 1 0 1 1 1 1 0 1 1 1 1 0 1 0 1 1 0 0 1 1 0 0 1 1 1 0 1 1 1 1 0 1 1 1 1 1 0 1 1 0 0 0 1 1 1 1 1 1 1 1 0 0 1 0 1 1 0 1 1 0 1 1 1 1
1 1 1 1 0 0 1 0 1 0 1 0 0 0 1 0 1 1 1 0 0 1 1 1 1 1 0 1 1 0 1 1 1 1 0 0 0 0 1 0 1 1 0 0 1 1 0 1 1 0 1 1 1 1 0 1 1 0 0 1 0 0 1 0 1 1 1 1 1 1 0 0 0 1 0 1 1 0 1 1 1 1 0 1 1 1 1 0 1 0 1 1 0 0 1 1 0 0 1 1 1 0 1 1 1 1 0 1 1 1 1 1 0 1 1 0 0 0 1 1 1 1 1 1 1 1 0 0 1 0 1 1 0 1 1 0 1 1 1 1	
0.57097703 0.55371267 0.5993953 0.5932919 0.4528463 0.43400094 0.56626594 0.45190254 0.5968098 0.46326208 0.5946649 0.4862623 0.45046023 0.4354609 0.56163365 0.43176293 0.59051406 0.60779977 0.5825237 0.43982536 0.4591155 0.57383937 0.58181506 0.596201 0.60843927 0.5831692 0.4451452 0.5986344 0.5862395 0.43734342 0.5903483 0.58698606 0.5558549 0.5765815 0.4763785 0.4430356 0.44133183 0.45300183 0.5865336 0.43438187 0.5984251 0.5911636 0.43504676 0.43661603 0.5951151 0.58715343 0.4361865 0.5975224 0.5950767 0.43796352 0.59257734 0.6080597 0.573551 0.58978194 0.43381417 0.58342755 0.61148095 0.44484115 0.45791885 0.5851147 0.48027834 0.44178405 0.5764799 0.44757548 0.58926606 0.5984854 0.6002594 0.60926723 0.5766195 0.59607685 0.4506216 0.46101698 0.45941463 0.5840247 0.44645303 0.57143706 0.558213 0.46348634 0.57432044 0.59770525 0.6056148 0.57771695 0.4342064 0.5766607 0.5852108 0.5606154 0.59481907 0.44737133 0.55380285 0.44245133 0.5665643 0.5732268 0.4350723 0.44826123 0.6054664 0.5450202 0.4623093 0.4718635 0.5812827 0.5897698 0.57915723 0.4384556 0.5701308 0.5970855 0.5960417 0.59072757 0.45790416 0.59255666 0.6061779 0.5563452 0.59523624 0.6063107 0.4479498 0.6051654 0.61044323 0.4475369 0.4408084 0.44894618 0.59201795 0.6029233 0.5983004 0.60593504 0.60491455 0.6050541 0.5981112 0.5828424 0.43439108 0.43094498 0.58655894 0.4517738 0.60189885 0.5611396 0.43890908 0.5933672 0.5914478 0.46951708 0.59115463 0.60863155 0.5651121 0.58798367	
 accuracy: 100.00%
precision: 100.00%
   recall: 100.00%
       F1: 100.00%
      AUC: 100.00%

<test_data>
1 1 1 0 0 1 1 1 1 0 1 0 1 1 0 1 1 1 0 1 1 1 1 1 0 1 1 1 1 1 1 0 1 1 0	
0 0 1 0 1 1 1 1 1 1 1 1 1 1 1 1 1 1 0 1 0 1 1 1 1 1 1 1 1 1 1 0 1 1 1	
0.49538806 0.49188864 0.58219916 0.48156804 0.5424302 0.5333358 0.5850542 0.5402175 0.5834748 0.5172913 0.5427071 0.52798194 0.54676676 0.5827844 0.5223488 0.6015886 0.58448976 0.53292817 0.4772633 0.55118877 0.47557858 0.5700121 0.5813524 0.572098 0.5134146 0.5225574 0.5269732 0.55406004 0.5243544 0.5773876 0.51174337 0.47667128 0.55375147 0.55701464 0.50337064	
 accuracy: 74.29%
precision: 79.31%
   recall: 88.46%
       F1: 83.64%
      AUC: 85.04%
*----------------------------------------------------------------------------------------------------------