T2WI+ADC+DWI-P
<train_data>
1 0 0 0 1 1 1 1 1 1 1 1 1 0 1 1 1 1 1 0 0 0 1 0 1 1 1 1 0 0 1 0 1 0 0 0 1 1 1 1 0 1 1 1 0 1 1 1 1 1 1 1 1 1 1 1 1 0 1 0 1 1 1 1 0 1 1 1 1 1 1 1 1 1 1 1 1 1 1 1 1 1 1 1
1 1 0 0 1 1 1 1 1 1 1 1 1 0 1 1 1 1 1 0 0 1 1 0 1 1 1 1 0 0 1 0 1 1 0 0 1 1 1 1 1 1 1 1 0 1 1 1 1 1 1 1 1 1 1 1 1 0 1 0 1 1 1 1 0 1 1 1 1 1 1 1 1 1 1 1 1 1 1 1 1 1 1 1	
0.6021103 0.5037991 0.44013652 0.47553778 0.60989267 0.6015181 0.6106353 0.6096564 0.5833933 0.60888964 0.59022135 0.5922705 0.602368 0.46116024 0.5870952 0.6094362 0.6101567 0.5689974 0.6041495 0.49457452 0.4394577 0.51196796 0.60570544 0.4584897 0.605588 0.57172084 0.60341513 0.5867182 0.4418496 0.43705887 0.60677093 0.44624186 0.61250955 0.53163385 0.44022352 0.46250692 0.6112055 0.604155 0.6097979 0.54887193 0.5059851 0.6071342 0.6126341 0.5959582 0.44359437 0.57982427 0.61088926 0.6084343 0.6097102 0.6146313 0.60879135 0.61083573 0.5845468 0.6122745 0.6054526 0.61319613 0.61100626 0.4502201 0.58993137 0.44160414 0.5965464 0.59846234 0.5424652 0.61227024 0.4590938 0.5881216 0.5606876 0.60868317 0.57485366 0.61240596 0.61242026 0.60294294 0.6130886 0.60604054 0.5680663 0.5882768 0.61142397 0.60781586 0.6114455 0.61495346 0.6112076 0.5615328 0.60048413 0.54489475	
 accuracy: 95.24%
precision: 94.20%
   recall: 100.00%
       F1: 97.01%
      AUC: 100.00%

<test_data>
1 0 1 0 1 0 1 1 1 0 1 0 1 1 1 1 1 0 1 0 0	
1 0 1 1 1 1 1 1 1 1 0 1 1 1 1 1 1 1 1 1 0	
0.55118245 0.47079933 0.6091171 0.5513115 0.6096488 0.58274686 0.6087844 0.5869678 0.5588543 0.5199978 0.45409963 0.5690427 0.5267842 0.6028875 0.6166785 0.584925 0.53743273 0.58918643 0.59936935 0.52865064 0.49605566	
 accuracy: 66.67%
precision: 66.67%
   recall: 92.31%
       F1: 77.42%
      AUC: 75.00%
*----------------------------------------------------------------------------------------------------------
