T2WI+ADC+DWI-P
<train_data>
1 0 0 1 1 0 1 0 0 1 1 0 0 0 1 1 1 1 0 0 0 1 1 1 1 0 1 1 1 1 0 0 1 0 0 0 0 1 1 0 0 0 0 1 0 1 1 1 0 1 1 1 1 1 1 1
1 0 0 1 1 0 1 0 0 1 1 0 0 0 1 1 1 1 0 0 0 1 1 1 1 0 1 1 1 1 0 0 1 0 0 1 0 1 1 0 0 0 0 1 0 1 1 1 0 1 1 1 1 1 1 1	
0.5025123 0.49860752 0.49886283 0.5024422 0.5025126 0.49859372 0.5019017 0.49844447 0.49807826 0.5024507 0.5001258 0.49810115 0.49829304 0.49977076 0.5032293 0.5018362 0.5022305 0.5020296 0.49852908 0.4979537 0.49893403 0.50065017 0.50185037 0.5011564 0.50193524 0.49767584 0.5016278 0.5020334 0.5016439 0.502233 0.49805957 0.49922195 0.5028743 0.4981095 0.49766433 0.5018256 0.4975525 0.5027654 0.5023183 0.4986147 0.4989721 0.49903414 0.49951243 0.5025464 0.49847007 0.5015897 0.5025125 0.5027654 0.49800846 0.50203365 0.5026318 0.5008913 0.5022151 0.5020095 0.50168735 0.5025053	
 accuracy: 98.21%
precision: 96.97%
   recall: 100.00%
       F1: 98.46%
      AUC: 98.96%

<test_data>
1 0 1 1 0 0 0 1 1 0 1 0 0 0	
1 1 1 1 1 0 0 0 1 1 1 1 1 1	
0.5032293 0.5005713 0.5005716 0.50142837 0.5009789 0.4997842 0.49922717 0.499824 0.50186116 0.5012372 0.5024507 0.50164765 0.5031054 0.50115895	
 accuracy: 50.00%
precision: 45.45%
   recall: 83.33%
       F1: 58.82%
      AUC: 68.75%
*----------------------------------------------------------------------------------------------------------
