T2WI+ADC+DWI-P
<train_data>
1 1 1 1 0 0 1 0 1 0 1 0 0 0 1 0 1 1 1 0 0 1 1 1 1 1 0 1 1 0 1 1 1 1 0 0 0 0 1 0 1 1 0 0 1 1 0 1 1 0 1 1 1 1 0 1 1 0 0 1 0 0 1 0 1 1 1 1 1 1 0 0 0 1 0 1 1 0 1 1 1 1 0 1 1 1 1 0 1 0 1 1 0 0 1 1 0 0 1 1 1 0 1 1 1 1 0 1 1 1 1 1 0 1 1 0 0 0 1 1 1 1 1 1 1 1 0 0 1 0 1 1 0 1 1 0 1 1 1 1
1 1 1 1 0 0 1 0 1 0 1 0 0 0 1 0 1 1 1 0 0 1 1 1 1 1 0 1 1 0 1 1 1 1 0 0 0 0 1 0 1 1 0 0 1 1 0 1 1 0 1 1 1 1 0 1 1 0 0 1 0 0 1 0 1 1 1 1 1 1 0 0 0 1 0 1 1 0 1 1 1 1 0 1 1 1 1 0 1 0 1 1 0 0 1 1 0 0 1 1 1 0 1 1 1 1 0 1 1 1 1 1 0 1 1 0 0 0 1 1 1 1 1 1 1 1 0 0 1 0 1 1 0 1 1 0 1 1 1 1	
0.57097703 0.55371267 0.5993953 0.5932919 0.4528463 0.43400094 0.56626594 0.45190254 0.5968098 0.46326208 0.5946649 0.4862623 0.45046023 0.4354609 0.56163365 0.43176293 0.59051406 0.60779977 0.5825237 0.43982536 0.4591155 0.57383937 0.58181506 0.596201 0.60843927 0.5831692 0.4451452 0.5986344 0.5862395 0.43734342 0.5903483 0.58698606 0.5558549 0.5765815 0.4763785 0.4430356 0.44133183 0.45300183 0.5865336 0.43438187 0.5984251 0.5911636 0.43504676 0.43661603 0.5951151 0.58715343 0.4361865 0.5975224 0.5950767 0.43796352 0.59257734 0.6080597 0.573551 0.58978194 0.43381417 0.58342755 0.61148095 0.44484115 0.45791885 0.5851147 0.48027834 0.44178405 0.5764799 0.44757548 0.58926606 0.5984854 0.6002594 0.60926723 0.5766195 0.59607685 0.4506216 0.46101698 0.45941463 0.5840247 0.44645303 0.57143706 0.558213 0.46348634 0.57432044 0.59770525 0.6056148 0.57771695 0.4342064 0.5766607 0.5852108 0.5606154 0.59481907 0.44737133 0.55380285 0.44245133 0.5665643 0.5732268 0.4350723 0.44826123 0.6054664 0.5450202 0.4623093 0.4718635 0.5812827 0.5897698 0.57915723 0.4384556 0.5701308 0.5970855 0.5960417 0.59072757 0.45790416 0.59255666 0.6061779 0.5563452 0.59523624 0.6063107 0.4479498 0.6051654 0.61044323 0.4475369 0.4408084 0.44894618 0.59201795 0.6029233 0.5983004 0.60593504 0.60491455 0.6050541 0.5981112 0.5828424 0.43439108 0.43094498 0.58655894 0.4517738 0.60189885 0.5611396 0.43890908 0.5933672 0.5914478 0.46951708 0.59115463 0.60863155 0.5651121 0.58798367	
 accuracy: 100.00%
precision: 100.00%
   recall: 100.00%
       F1: 100.00%
      AUC: 100.00%

<test_data>
1 1 0 1 1 0 1 1 0 0 1 1 1 1 1 1 0 0 0 0 0 0 1 1 1 0 1 1 1 0 0 0 1 1 0 1 1 1 1 0 1 1 0 0 1 1 1 0 0 1 1 1 1 1 0 1 1 1 0 0 0 0 1 0 0 0 0 0 0 0	
1 1 0 1 1 1 1 1 0 0 0 1 1 1 1 1 1 1 0 1 0 1 1 1 1 1 1 1 1 1 0 1 0 1 0 0 0 1 1 0 1 1 1 1 1 1 1 0 0 1 1 1 0 1 0 1 1 1 0 1 0 0 1 0 1 0 0 0 1 0	
0.59863424 0.5551832 0.4862623 0.5859864 0.5953109 0.55930835 0.55178046 0.55894357 0.45561716 0.49833107 0.4933292 0.5034382 0.56068337 0.57515 0.57159823 0.53685623 0.5281045 0.5182822 0.4591773 0.552024 0.4300139 0.5469874 0.5569968 0.5521182 0.58623487 0.54006594 0.5714207 0.58836955 0.5456597 0.5549669 0.47948417 0.5273716 0.46458778 0.5759723 0.44568053 0.48080155 0.49403456 0.55180615 0.5837979 0.46545362 0.58646345 0.5756932 0.514322 0.5035473 0.56218475 0.60446674 0.5956158 0.44334766 0.4882616 0.5112999 0.54900366 0.57621807 0.49958336 0.57491815 0.48455968 0.576312 0.5321868 0.54284054 0.48350358 0.513322 0.47960126 0.45819053 0.53728884 0.46606693 0.52478296 0.4791474 0.45711103 0.4712312 0.5238616 0.47310108	
 accuracy: 74.29%
precision: 71.74%
   recall: 86.84%
       F1: 78.57%
      AUC: 87.99%
*----------------------------------------------------------------------------------------------------------
