T2WI+ADC+DWI-P
<train_data>
1 1 1 1 0 0 1 0 1 0 1 0 0 0 1 0 1 1 1 0 0 1 1 1 1 1 0 1 1 0 1 1 1 1 0 0 0 0 1 0 1 1 0 0 1 1 0 1 1 0 1 1 1 1 0 1 1 0 0 1 0 0 1 0 1 1 1 1 1 1 0 0 0 1 0 1 1 0 1 1 1 1 0 1 1 1 1 0 1 0 1 1 0 0 1 1 0 0 1 1 1 0 1 1 1 1 0 1 1 1 1 1 0 1 1 0 0 0 1 1 1 1 1 1 1 1 0 0 1 0 1 1 0 1 1 0 1 1 1 1
1 1 1 1 0 0 1 0 1 0 1 0 0 0 1 0 1 1 1 0 0 1 1 1 1 1 0 1 1 0 1 1 1 1 0 0 0 0 1 0 1 1 0 0 1 1 0 1 1 0 1 1 1 1 0 1 1 0 0 1 0 0 1 0 1 1 1 1 1 1 0 0 0 1 0 1 1 0 1 1 1 1 0 1 1 1 1 0 1 0 1 1 0 0 1 1 0 0 1 1 1 0 1 1 1 1 0 1 1 1 1 1 0 1 1 0 0 0 1 1 1 1 1 1 1 1 0 0 1 0 1 1 0 1 1 0 1 1 1 1
0.57097703 0.55371267 0.5993953 0.5932919 0.4528463 0.43400094 0.56626594 0.45190254 0.5968098 0.46326208 0.5946649 0.4862623 0.45046023 0.4354609 0.56163365 0.43176293 0.59051406 0.60779977 0.5825237 0.43982536 0.4591155 0.57383937 0.58181506 0.596201 0.60843927 0.5831692 0.4451452 0.5986344 0.5862395 0.43734342 0.5903483 0.58698606 0.5558549 0.5765815 0.4763785 0.4430356 0.44133183 0.45300183 0.5865336 0.43438187 0.5984251 0.5911636 0.43504676 0.43661603 0.5951151 0.58715343 0.4361865 0.5975224 0.5950767 0.43796352 0.59257734 0.6080597 0.573551 0.58978194 0.43381417 0.58342755 0.61148095 0.44484115 0.45791885 0.5851147 0.48027834 0.44178405 0.5764799 0.44757548 0.58926606 0.5984854 0.6002594 0.60926723 0.5766195 0.59607685 0.4506216 0.46101698 0.45941463 0.5840247 0.44645303 0.57143706 0.558213 0.46348634 0.57432044 0.59770525 0.6056148 0.57771695 0.4342064 0.5766607 0.5852108 0.5606154 0.59481907 0.44737133 0.55380285 0.44245133 0.5665643 0.5732268 0.4350723 0.44826123 0.6054664 0.5450202 0.4623093 0.4718635 0.5812827 0.5897698 0.57915723 0.4384556 0.5701308 0.5970855 0.5960417 0.59072757 0.45790416 0.59255666 0.6061779 0.5563452 0.59523624 0.6063107 0.4479498 0.6051654 0.61044323 0.4475369 0.4408084 0.44894618 0.59201795 0.6029233 0.5983004 0.60593504 0.60491455 0.6050541 0.5981112 0.5828424 0.43439108 0.43094498 0.58655894 0.4517738 0.60189885 0.5611396 0.43890908 0.5933672 0.5914478 0.46951708 0.59115463 0.60863155 0.5651121 0.58798367
 accuracy: 100.00%
precision: 100.00%
   recall: 100.00%
       F1: 100.00%
      AUC: 100.00%

<test_data>
1 1 1 1 1 1 1 0 0 1 0 0 0 1 1 1 1 0 0 1 0 0 0 0 0 1 1 1 0 1 0 1 1 1 0 1 1 0 0 0 1 1 0 1 1 1 1 0 1 1 1 1 1 1 1 0 1 0 1 1 1 1 1 1 1 1 1 1 1 1 0 1 1 1 1 1 0 1 1 1 1 1 1 1 1 0 1 0 1 1 0 1 1 1 1 1 1 1 1 1 1 1 1 1 1
1 1 1 1 1 1 1 0 0 1 1 1 0 1 1 1 1 1 1 0 0 0 1 1 0 0 1 1 1 1 0 1 1 1 1 1 1 1 1 0 1 1 1 1 1 1 1 1 1 1 1 1 1 1 1 0 1 0 1 1 1 1 1 1 1 1 1 1 1 1 0 1 1 1 1 1 0 1 0 1 1 1 1 1 1 1 1 1 1 0 0 1 1 1 1 1 1 1 1 1 1 1 1 1 1
0.53311324 0.5718455 0.56158537 0.5652902 0.57285756 0.5658379 0.5242241 0.47391337 0.44425634 0.51204795 0.5031297 0.5883817 0.49202055 0.58465284 0.5273854 0.5828046 0.57488465 0.54690635 0.5153266 0.48773098 0.44664234 0.4631072 0.5237878 0.5004565 0.4517806 0.4787579 0.515922 0.54899114 0.5191031 0.60269827 0.46726632 0.5091245 0.55598915 0.60373366 0.51205987 0.5661575 0.58884704 0.55516094 0.51722026 0.49125975 0.5731577 0.5858641 0.5658571 0.59597284 0.59964705 0.581855 0.58128774 0.57711613 0.5605001 0.5786098 0.5302862 0.5688787 0.5962981 0.54637045 0.590038 0.48464411 0.5983045 0.47895575 0.592978 0.56997997 0.50736487 0.5795833 0.5974334 0.5743501 0.52920854 0.57935494 0.58885145 0.5445096 0.54040325 0.6088501 0.4717258 0.54654336 0.58713853 0.59086394 0.5495954 0.585324 0.44829533 0.5856526 0.4869152 0.5892165 0.5399108 0.59815603 0.54953957 0.57491386 0.5726701 0.5731877 0.5198944 0.54141897 0.5060787 0.49475217 0.49136996 0.5942211 0.5983083 0.55937946 0.6021822 0.5105666 0.57140523 0.5663654 0.58869165 0.5611485 0.5461212 0.5459948 0.5801492 0.59044456 0.575554
 accuracy: 82.86%
precision: 84.09%
   recall: 94.87%
       F1: 89.16%
      AUC: 85.09%
*----------------------------------------------------------------------------------------------------------
