T2WI-M
<train_data>
1 1 1 1 0 0 1 0 1 0 1 0 0 0 1 0 1 1 1 0 0 1 1 1 1 1 0 1 1 0 1 1 1 1 0 0 0 0 1 0 1 1 0 0 1 1 0 1 1 0 1 1 1 1 0 1 1 0 0 1 0 0 1 0 1 1 1 1 1 1 0 0 0 1 0 1 1 0 1 1 1 1 0 1 1 1 1 0 1 0 1 1 0 0 1 1 0 0 1 1 1 0 1 1 1 1 0 1 1 1 1 1 0 1 1 0 0 0 1 1 1 1 1 1 1 1 0 0 1 0 1 1 0 1 1 0 1 1 1 1
1 1 1 1 0 0 1 0 1 0 1 0 0 0 1 0 1 1 1 0 0 1 1 1 1 1 0 1 1 0 1 1 1 1 0 0 0 0 1 0 1 1 0 0 1 1 0 1 1 0 1 1 1 1 0 1 1 0 0 1 0 0 1 0 1 1 1 1 1 1 0 0 0 1 0 1 1 0 1 1 1 1 0 1 1 1 1 0 1 0 1 1 0 0 1 1 0 0 1 1 1 0 1 1 1 1 0 1 1 1 1 1 0 1 1 0 0 0 1 1 1 1 1 1 1 1 0 0 1 0 1 1 0 1 1 0 1 1 1 1
0.5917613 0.5685889 0.57579166 0.56678873 0.44397625 0.43848324 0.5816242 0.44716024 0.5980647 0.45216614 0.59271187 0.46134347 0.48691213 0.4582122 0.5167269 0.4506718 0.6112264 0.60032743 0.5880844 0.4554938 0.4565505 0.5478305 0.5772445 0.5906975 0.5554004 0.5904329 0.43989372 0.58398086 0.5976152 0.4457008 0.566556 0.5526164 0.58502877 0.5927177 0.4443739 0.46477145 0.45445243 0.46684328 0.5751834 0.43496257 0.60583264 0.61041635 0.4510215 0.43088797 0.5857605 0.5559071 0.43681175 0.5488124 0.58681077 0.4440034 0.5824928 0.5923238 0.5997663 0.5725388 0.44866574 0.5965167 0.60352546 0.46505055 0.4500816 0.58066756 0.4244484 0.4550658 0.59451586 0.48690343 0.5714178 0.603003 0.55927265 0.60303956 0.6019423 0.59732985 0.43202123 0.45838085 0.43253973 0.5967017 0.4572416 0.5647571 0.54754025 0.4780009 0.56278074 0.5715849 0.60208505 0.5942953 0.47850654 0.59388655 0.5382734 0.58032733 0.6160981 0.4714304 0.57675695 0.43868223 0.57537276 0.55948603 0.43912464 0.45519057 0.59612244 0.5956115 0.45789894 0.43550706 0.5358512 0.5710249 0.5773033 0.45590508 0.5723768 0.58674157 0.59139097 0.5653672 0.4592876 0.5881277 0.5805179 0.59929997 0.56975394 0.59082603 0.49548075 0.57214445 0.58017045 0.46823552 0.4628176 0.45694107 0.5752771 0.6025627 0.5767735 0.5888932 0.55429256 0.58014363 0.5720821 0.56854904 0.4811801 0.48218894 0.5865313 0.44922748 0.5880546 0.5910803 0.43274438 0.5943946 0.5710457 0.4623934 0.5883915 0.60867083 0.5721681 0.5887962
 accuracy: 100.00%
precision: 100.00%
   recall: 100.00%
       F1: 100.00%
      AUC: 100.00%

<test_data>
1 1 1 0 0 1 1 1 1 0 1 0 1 1 0 1 1 1 0 1 1 1 1 1 0 1 1 1 1 1 1 0 1 1 0
0 1 1 1 1 1 1 1 1 1 1 1 1 1 1 1 1 1 0 1 1 1 1 1 1 1 1 1 1 1 1 1 1 1 0
0.4940747 0.51541567 0.54366887 0.50713134 0.54102534 0.5313356 0.51531005 0.522132 0.5555734 0.5048996 0.52346843 0.56494176 0.52334195 0.56468827 0.5341044 0.5395336 0.5893505 0.5422935 0.49592683 0.5906327 0.5768297 0.54803026 0.505446 0.53473395 0.5167955 0.5230286 0.53644496 0.50407547 0.58446455 0.5651294 0.51742035 0.51855445 0.5757806 0.53347784 0.4928854
 accuracy: 77.14%
precision: 78.12%
   recall: 96.15%
       F1: 86.21%
      AUC: 72.65%
*----------------------------------------------------------------------------------------------------------
ADC-M
<train_data>
1 1 1 1 0 0 1 0 1 0 1 0 0 0 1 0 1 1 1 0 0 1 1 1 1 1 0 1 1 0 1 1 1 1 0 0 0 0 1 0 1 1 0 0 1 1 0 1 1 0 1 1 1 1 0 1 1 0 0 1 0 0 1 0 1 1 1 1 1 1 0 0 0 1 0 1 1 0 1 1 1 1 0 1 1 1 1 0 1 0 1 1 0 0 1 1 0 0 1 1 1 0 1 1 1 1 0 1 1 1 1 1 0 1 1 0 0 0 1 1 1 1 1 1 1 1 0 0 1 0 1 1 0 1 1 0 1 1 1 1
1 1 1 1 0 0 1 0 1 0 1 0 0 0 1 0 1 1 1 0 0 1 1 1 1 1 0 1 1 0 1 1 1 1 0 0 0 0 1 0 1 1 0 0 1 1 0 1 1 0 1 1 1 1 0 1 1 0 0 1 0 0 1 0 1 1 1 1 1 1 0 0 0 1 0 1 1 0 1 1 1 1 0 1 1 1 1 0 1 0 1 1 0 0 1 1 0 0 1 1 1 0 1 1 1 1 0 1 1 1 1 1 0 1 1 0 0 0 1 1 1 1 1 1 1 1 0 0 1 0 1 1 0 1 1 0 1 1 1 1
0.6159276 0.5726171 0.57400334 0.5892081 0.45123217 0.44792286 0.60719645 0.46082643 0.6097091 0.45893627 0.5914476 0.46119797 0.4583503 0.4707208 0.57152855 0.45626345 0.60734504 0.5792004 0.57299244 0.45888004 0.4682764 0.5682809 0.5557485 0.58590806 0.56671196 0.6063344 0.4258436 0.59383357 0.6082135 0.44914338 0.57518244 0.5659893 0.5705884 0.6016207 0.42974752 0.42390847 0.4586789 0.45911774 0.57632536 0.45798105 0.53325063 0.60039675 0.44074297 0.4103839 0.5795623 0.5684498 0.43043748 0.5914999 0.60020506 0.46882024 0.5984435 0.598879 0.595099 0.5794679 0.4627842 0.5548511 0.6175036 0.44661552 0.41753775 0.57012635 0.44718575 0.47221774 0.603359 0.46027124 0.60405827 0.5822505 0.57725126 0.5961365 0.60427594 0.604858 0.45985633 0.4550333 0.46451887 0.58987534 0.47233483 0.6064456 0.543926 0.47064495 0.5671882 0.5824381 0.58356833 0.5700525 0.46694645 0.57366395 0.5757797 0.57336634 0.5945768 0.46102783 0.586063 0.44564873 0.54553604 0.5393306 0.4532514 0.470923 0.5620521 0.58041954 0.49404293 0.46686676 0.5649657 0.57284987 0.6017505 0.43888816 0.57910997 0.59491086 0.58928704 0.560077 0.470599 0.5896699 0.5768812 0.5982931 0.5784123 0.5997197 0.47444764 0.6005127 0.5991443 0.46365744 0.45571736 0.46286535 0.57001936 0.60115165 0.592266 0.5854033 0.6007975 0.5826046 0.59829843 0.58860373 0.45670044 0.41412348 0.57161987 0.4662755 0.5730069 0.57204884 0.46392632 0.5787283 0.56419224 0.43771023 0.594296 0.60757774 0.5455131 0.59821486
 accuracy: 100.00%
precision: 100.00%
   recall: 100.00%
       F1: 100.00%
      AUC: 100.00%

<test_data>
1 1 1 0 0 1 1 1 1 0 1 0 1 1 0 1 1 1 0 1 1 1 1 1 0 1 1 1 1 1 1 0 1 1 0
0 1 1 1 0 1 1 1 1 1 1 1 1 1 1 1 0 1 0 1 1 1 1 1 1 1 1 1 1 1 1 0 1 1 1
0.44371623 0.5370625 0.5982405 0.54185396 0.46636185 0.5380265 0.5512703 0.5161523 0.54656327 0.5469867 0.5162428 0.53712666 0.54617655 0.57980645 0.5552115 0.5519401 0.45615965 0.5557277 0.44793558 0.5910832 0.571203 0.5490776 0.5579078 0.52088165 0.5329647 0.5573703 0.544766 0.535841 0.5617577 0.530881 0.5811228 0.45726296 0.5747829 0.5483444 0.52574694
 accuracy: 77.14%
precision: 80.00%
   recall: 92.31%
       F1: 85.71%
      AUC: 73.93%
*----------------------------------------------------------------------------------------------------------
DWI-M
<train_data>
1 1 1 1 0 0 1 0 1 0 1 0 0 0 1 0 1 1 1 0 0 1 1 1 1 1 0 1 1 0 1 1 1 1 0 0 0 0 1 0 1 1 0 0 1 1 0 1 1 0 1 1 1 1 0 1 1 0 0 1 0 0 1 0 1 1 1 1 1 1 0 0 0 1 0 1 1 0 1 1 1 1 0 1 1 1 1 0 1 0 1 1 0 0 1 1 0 0 1 1 1 0 1 1 1 1 0 1 1 1 1 1 0 1 1 0 0 0 1 1 1 1 1 1 1 1 0 0 1 0 1 1 0 1 1 0 1 1 1 1
1 1 1 1 0 0 1 0 1 0 1 0 0 0 1 0 1 1 1 0 0 1 1 1 1 1 0 1 1 0 1 1 1 1 0 0 0 0 1 0 1 1 0 0 1 1 0 1 1 0 1 1 1 1 0 1 1 0 0 1 0 0 1 0 1 1 1 1 1 1 0 0 0 1 0 1 1 0 1 1 1 1 0 1 1 1 1 0 1 0 1 1 0 0 1 1 0 0 1 1 1 0 1 1 1 1 0 1 1 1 1 1 0 1 1 0 0 0 1 1 1 1 1 1 1 1 0 0 1 0 1 1 0 1 1 0 1 1 1 1
0.60835844 0.58811873 0.5203367 0.5715496 0.4291083 0.42423174 0.6157536 0.4483817 0.6063308 0.4839647 0.6044291 0.46524376 0.43316886 0.46245274 0.5836976 0.47279027 0.58963245 0.6029793 0.57375705 0.47206324 0.46802267 0.58375454 0.5734662 0.6014943 0.56855667 0.59674186 0.43097413 0.6018471 0.60716766 0.42069602 0.58698857 0.580859 0.56225604 0.6095464 0.4439193 0.4616126 0.46209055 0.47444227 0.57457644 0.43907377 0.59204555 0.601286 0.43286824 0.44308016 0.5644899 0.55149364 0.44593054 0.593029 0.5883851 0.44680288 0.60542774 0.58360535 0.60272825 0.60871845 0.4242347 0.55792737 0.6074025 0.46648887 0.4239731 0.59017074 0.44358328 0.47743654 0.60100454 0.46741435 0.58936 0.5474751 0.5807994 0.5807529 0.5428448 0.57028127 0.43496686 0.44799674 0.42169228 0.5946428 0.46554336 0.5663143 0.529411 0.46323 0.5555087 0.5903218 0.6164419 0.57773745 0.48673585 0.5894542 0.60531753 0.59979045 0.607506 0.46430102 0.57831556 0.4391323 0.54742837 0.5380056 0.46214092 0.44704956 0.5861041 0.60624 0.47232378 0.43815917 0.55772287 0.5553561 0.56319785 0.43656963 0.5912169 0.5693117 0.59128535 0.5738787 0.45943576 0.5916514 0.5666161 0.54841524 0.56372744 0.58883464 0.4762185 0.6016108 0.6056643 0.46246305 0.4650369 0.4318835 0.58292454 0.60304606 0.58234465 0.5490274 0.58790183 0.58818424 0.5875849 0.5748954 0.42297202 0.4241971 0.5998751 0.41442743 0.57314074 0.5774763 0.44370675 0.60707337 0.5754505 0.46590063 0.60447013 0.60294807 0.560232 0.61001396
 accuracy: 100.00%
precision: 100.00%
   recall: 100.00%
       F1: 100.00%
      AUC: 100.00%

<test_data>
1 1 1 0 0 1 1 1 1 0 1 0 1 1 0 1 1 1 0 1 1 1 1 1 0 1 1 1 1 1 1 0 1 1 0
0 1 1 1 0 1 1 1 1 0 1 1 0 1 1 1 1 1 0 1 1 1 1 1 1 1 1 1 1 1 1 1 1 1 1
0.46304038 0.547198 0.6075859 0.55290365 0.45038307 0.55876195 0.5363929 0.5782685 0.53296715 0.46556842 0.5283703 0.5832956 0.47773194 0.5438566 0.53719836 0.57317686 0.51935554 0.54233223 0.45895284 0.55567706 0.584832 0.52341753 0.555396 0.5524402 0.5623376 0.5402499 0.55392694 0.5878374 0.58580524 0.5020818 0.5079137 0.5167567 0.5634877 0.53517145 0.567865
 accuracy: 77.14%
precision: 80.00%
   recall: 92.31%
       F1: 85.71%
      AUC: 61.11%
*----------------------------------------------------------------------------------------------------------
T2WI+DWI-M
<train_data>
1 1 1 1 0 0 1 0 1 0 1 0 0 0 1 0 1 1 1 0 0 1 1 1 1 1 0 1 1 0 1 1 1 1 0 0 0 0 1 0 1 1 0 0 1 1 0 1 1 0 1 1 1 1 0 1 1 0 0 1 0 0 1 0 1 1 1 1 1 1 0 0 0 1 0 1 1 0 1 1 1 1 0 1 1 1 1 0 1 0 1 1 0 0 1 1 0 0 1 1 1 0 1 1 1 1 0 1 1 1 1 1 0 1 1 0 0 0 1 1 1 1 1 1 1 1 0 0 1 0 1 1 0 1 1 0 1 1 1 1
1 1 1 1 0 0 1 0 1 0 1 0 0 0 1 0 1 1 1 0 0 1 1 1 1 1 0 1 1 0 1 1 1 1 0 0 0 0 1 0 1 1 0 0 1 1 0 1 1 0 1 1 1 1 0 1 1 0 0 1 0 0 1 0 1 1 1 1 1 1 0 0 0 1 0 1 1 0 1 1 1 1 0 1 1 1 1 0 1 0 1 1 0 0 1 1 0 0 1 1 1 0 1 1 1 1 0 1 1 1 1 1 0 1 1 0 0 0 1 1 1 1 1 1 1 1 0 0 1 0 1 1 0 1 1 0 1 1 1 1
0.60588634 0.59218097 0.5815994 0.5367613 0.44001594 0.4360345 0.5917941 0.4336633 0.5862612 0.44301894 0.5923135 0.4543709 0.46408156 0.43190032 0.60486907 0.43480375 0.55923057 0.58787405 0.5662885 0.43129835 0.43548498 0.5417645 0.59258765 0.60419065 0.5906688 0.60899955 0.42467433 0.58677244 0.58156604 0.43297932 0.56356376 0.58881646 0.5882458 0.6140282 0.45539206 0.45833448 0.46511924 0.44137558 0.58582807 0.43228573 0.5738103 0.5815681 0.45978823 0.42497674 0.5905366 0.5693006 0.4343908 0.6100332 0.58723474 0.46732917 0.5681909 0.58624005 0.5751218 0.6010029 0.4441882 0.57353526 0.560704 0.4381314 0.4825151 0.5696457 0.46038315 0.4454277 0.5520293 0.4208825 0.5712344 0.5857521 0.6002575 0.5607076 0.5836912 0.56393594 0.4531371 0.45084265 0.42593294 0.6002017 0.43463236 0.5756989 0.5871724 0.4642547 0.5883346 0.5651843 0.5579492 0.5779519 0.43437022 0.5905525 0.57416517 0.5992181 0.5999349 0.45871562 0.56713444 0.4590305 0.58162487 0.59627527 0.44221038 0.4551841 0.60391474 0.6039433 0.45391494 0.45245832 0.56181335 0.5652734 0.5829007 0.45409983 0.569882 0.5697998 0.59947354 0.5638046 0.46842366 0.5723375 0.60474473 0.5982831 0.5881401 0.57446104 0.4731829 0.59110814 0.5938832 0.45224804 0.46061277 0.45299953 0.5899016 0.6142331 0.5979157 0.5935669 0.60256773 0.56597143 0.583133 0.5916269 0.45803437 0.45557055 0.60944 0.4582863 0.60056216 0.5987422 0.42541924 0.595686 0.5784732 0.47507745 0.6073646 0.58635867 0.5710472 0.60586894
 accuracy: 100.00%
precision: 100.00%
   recall: 100.00%
       F1: 100.00%
      AUC: 100.00%

<test_data>
1 1 1 0 0 1 1 1 1 0 1 0 1 1 0 1 1 1 0 1 1 1 1 1 0 1 1 1 1 1 1 0 1 1 0
0 0 1 0 1 1 1 1 1 0 1 0 1 1 1 1 1 1 1 1 0 1 1 1 0 1 1 1 1 1 0 1 1 1 1
0.4911256 0.49621314 0.5841873 0.4760249 0.50136656 0.56993484 0.5264898 0.500585 0.5084898 0.49031964 0.50724065 0.4648135 0.54947764 0.5158742 0.53366053 0.5626145 0.5781103 0.57819116 0.5164349 0.5257016 0.49701786 0.51456535 0.53244674 0.5441099 0.4705491 0.51630247 0.53564554 0.533047 0.5376941 0.57146907 0.4924064 0.5346504 0.502755 0.50765604 0.50694877
 accuracy: 74.29%
precision: 81.48%
   recall: 84.62%
       F1: 83.02%
      AUC: 76.50%
*----------------------------------------------------------------------------------------------------------
ADC+DWI-M
<train_data>
1 1 1 1 0 0 1 0 1 0 1 0 0 0 1 0 1 1 1 0 0 1 1 1 1 1 0 1 1 0 1 1 1 1 0 0 0 0 1 0 1 1 0 0 1 1 0 1 1 0 1 1 1 1 0 1 1 0 0 1 0 0 1 0 1 1 1 1 1 1 0 0 0 1 0 1 1 0 1 1 1 1 0 1 1 1 1 0 1 0 1 1 0 0 1 1 0 0 1 1 1 0 1 1 1 1 0 1 1 1 1 1 0 1 1 0 0 0 1 1 1 1 1 1 1 1 0 0 1 0 1 1 0 1 1 0 1 1 1 1
1 1 1 1 0 0 1 0 1 0 1 0 0 0 1 0 1 1 1 0 0 1 1 1 1 1 0 1 1 0 1 1 1 1 0 0 0 0 1 0 1 1 0 0 1 1 0 1 1 0 1 1 1 1 0 1 1 0 0 1 0 0 1 0 1 1 1 1 1 1 0 0 0 1 0 1 1 0 1 1 1 1 0 1 1 1 1 0 1 0 1 1 0 0 1 1 0 0 1 1 1 0 1 1 1 1 0 1 1 1 1 1 0 1 1 0 0 0 1 1 1 1 1 1 1 1 0 0 1 0 1 1 0 1 1 0 1 1 1 1
0.57848066 0.5723034 0.56635916 0.5823053 0.43338513 0.42000824 0.58045495 0.43685752 0.59964865 0.44246972 0.60097814 0.47001812 0.47987387 0.4432787 0.5741827 0.43347597 0.6040896 0.5794392 0.5598521 0.4497517 0.46163726 0.55521184 0.60356396 0.57099164 0.5724333 0.59506345 0.42274523 0.5814784 0.5972375 0.43200555 0.56888664 0.5929176 0.5855508 0.60961366 0.42820567 0.430948 0.4468597 0.46234182 0.5637242 0.42615396 0.57681173 0.602952 0.4322438 0.46812776 0.58474916 0.57638747 0.414108 0.609571 0.5753575 0.4373919 0.595989 0.6097181 0.576861 0.5765388 0.44398922 0.5704958 0.60443693 0.42626053 0.4155853 0.57976425 0.46128708 0.46304023 0.59945405 0.43748477 0.5766736 0.58020175 0.59936625 0.5860822 0.58756757 0.6033201 0.4307545 0.42251647 0.45405275 0.5664725 0.4403724 0.58481026 0.54292095 0.46120146 0.55530787 0.5866376 0.59186745 0.57696646 0.45866466 0.5991769 0.579197 0.608574 0.5788098 0.45232746 0.5811569 0.4290026 0.5790986 0.5658978 0.44773304 0.44630653 0.5960469 0.587498 0.45883617 0.4386885 0.5898906 0.5743861 0.5902252 0.4424559 0.5865849 0.55964917 0.57660687 0.56466454 0.48598215 0.59688556 0.5792808 0.5899424 0.5731945 0.60176975 0.44510153 0.5935869 0.59455097 0.43921676 0.44235602 0.4445363 0.5755258 0.58888566 0.60019433 0.5954429 0.5961808 0.5525861 0.58194053 0.58640254 0.460079 0.4281405 0.5643344 0.44690838 0.58974135 0.59496814 0.4328309 0.60382324 0.5847072 0.47117206 0.5866508 0.58375186 0.56459415 0.5985304
 accuracy: 100.00%
precision: 100.00%
   recall: 100.00%
       F1: 100.00%
      AUC: 100.00%

<test_data>
1 1 1 0 0 1 1 1 1 0 1 0 1 1 0 1 1 1 0 1 1 1 1 1 0 1 1 1 1 1 1 0 1 1 0
0 1 1 1 0 1 1 1 1 1 1 1 1 1 1 1 0 1 0 1 1 1 1 1 1 1 0 1 1 0 1 0 1 1 1
0.44668907 0.518267 0.51860136 0.53661186 0.4992356 0.5234532 0.5224108 0.56826717 0.5474818 0.5020518 0.52875125 0.5500474 0.56972796 0.5411552 0.5934914 0.57308906 0.49200144 0.5878746 0.47533777 0.53570837 0.54313236 0.5491953 0.53547627 0.54541206 0.5142036 0.5170162 0.49196216 0.53395444 0.58188653 0.4744531 0.5764026 0.4393183 0.551578 0.50961846 0.5480474
 accuracy: 71.43%
precision: 78.57%
   recall: 84.62%
       F1: 81.48%
      AUC: 60.68%
*----------------------------------------------------------------------------------------------------------
T2WI+ADC-M
<train_data>
1 1 1 1 0 0 1 0 1 0 1 0 0 0 1 0 1 1 1 0 0 1 1 1 1 1 0 1 1 0 1 1 1 1 0 0 0 0 1 0 1 1 0 0 1 1 0 1 1 0 1 1 1 1 0 1 1 0 0 1 0 0 1 0 1 1 1 1 1 1 0 0 0 1 0 1 1 0 1 1 1 1 0 1 1 1 1 0 1 0 1 1 0 0 1 1 0 0 1 1 1 0 1 1 1 1 0 1 1 1 1 1 0 1 1 0 0 0 1 1 1 1 1 1 1 1 0 0 1 0 1 1 0 1 1 0 1 1 1 1
1 1 1 1 0 0 1 0 1 0 1 0 0 0 1 0 1 1 1 0 0 1 1 1 1 1 0 1 1 0 1 1 1 1 0 0 0 0 1 0 1 1 0 0 1 1 0 1 1 0 1 1 1 1 0 1 1 0 0 1 0 0 1 0 1 1 1 1 1 1 0 0 0 1 0 1 1 0 1 1 1 1 0 1 1 1 1 0 1 0 1 1 0 0 1 1 0 0 1 1 1 0 1 1 1 1 0 1 1 1 1 1 0 1 1 0 0 0 1 1 1 1 1 1 1 1 0 0 1 0 1 1 0 1 1 0 1 1 1 1
0.5946689 0.58980006 0.5858162 0.54293615 0.42565975 0.41966617 0.59157383 0.4355696 0.58982444 0.4393604 0.59337956 0.45057186 0.48770013 0.42162156 0.58565867 0.43569145 0.56578296 0.59500724 0.55942816 0.44160554 0.44817987 0.5143902 0.59399724 0.58727133 0.58189416 0.5917251 0.42076802 0.5973877 0.5875526 0.4270139 0.58528453 0.58091027 0.5745504 0.59850854 0.42890012 0.47055772 0.44198772 0.424704 0.5816717 0.4284959 0.5842703 0.5940701 0.4592481 0.435517 0.5709464 0.58133423 0.4182778 0.5957908 0.5796523 0.45026383 0.57273126 0.5840091 0.5909217 0.5839393 0.4495654 0.60062224 0.55093914 0.440249 0.46450987 0.5852685 0.47564897 0.46160096 0.5688345 0.41366115 0.57318985 0.586695 0.5870549 0.5681514 0.59338504 0.5853486 0.44942817 0.45073512 0.4370365 0.58827555 0.4323354 0.5728884 0.5833152 0.47113279 0.5899114 0.5853618 0.56199384 0.5679083 0.43784958 0.59525985 0.58945876 0.60030544 0.6076729 0.46561918 0.56580156 0.4386363 0.58637357 0.5985626 0.443261 0.44527107 0.59314793 0.59303886 0.4681519 0.4471764 0.5666094 0.56930715 0.6048721 0.4585711 0.5715114 0.56973535 0.60147834 0.57206255 0.4601807 0.560231 0.5923302 0.5991781 0.59977245 0.58788407 0.4570546 0.5832087 0.59494954 0.4476775 0.45308238 0.45604402 0.5897666 0.60002804 0.59569067 0.591749 0.5960534 0.5845648 0.5797601 0.58348453 0.47560108 0.44070452 0.6028927 0.44624063 0.59666145 0.5796078 0.42961416 0.5944937 0.57260984 0.43769643 0.5989192 0.57371 0.58465385 0.5874489
 accuracy: 100.00%
precision: 100.00%
   recall: 100.00%
       F1: 100.00%
      AUC: 100.00%

<test_data>
1 1 1 0 0 1 1 1 1 0 1 0 1 1 0 1 1 1 0 1 1 1 1 1 0 1 1 1 1 1 1 0 1 1 0
1 1 1 0 1 1 0 1 1 0 0 1 1 1 0 1 1 1 1 1 0 1 1 1 0 1 1 1 1 1 0 1 0 1 0
0.5324498 0.5054442 0.5624756 0.46855456 0.5272412 0.5296883 0.48959208 0.5064882 0.54075617 0.4339108 0.48031208 0.5285586 0.5507531 0.5100557 0.49749056 0.55155134 0.58422756 0.528019 0.5419573 0.5322742 0.49274302 0.50703055 0.51849043 0.5338197 0.46079698 0.5304199 0.53373826 0.5173432 0.5196268 0.56515956 0.46070415 0.52964294 0.45829192 0.5475745 0.49845424
 accuracy: 74.29%
precision: 84.00%
   recall: 80.77%
       F1: 82.35%
      AUC: 69.23%
*----------------------------------------------------------------------------------------------------------
T2WI+ADC+DWI-M
<train_data>
1 1 1 1 0 0 1 0 1 0 1 0 0 0 1 0 1 1 1 0 0 1 1 1 1 1 0 1 1 0 1 1 1 1 0 0 0 0 1 0 1 1 0 0 1 1 0 1 1 0 1 1 1 1 0 1 1 0 0 1 0 0 1 0 1 1 1 1 1 1 0 0 0 1 0 1 1 0 1 1 1 1 0 1 1 1 1 0 1 0 1 1 0 0 1 1 0 0 1 1 1 0 1 1 1 1 0 1 1 1 1 1 0 1 1 0 0 0 1 1 1 1 1 1 1 1 0 0 1 0 1 1 0 1 1 0 1 1 1 1
1 1 1 1 0 0 1 0 1 0 1 0 0 0 1 0 1 1 1 0 0 1 1 1 1 1 0 1 1 0 1 1 1 1 0 0 0 0 1 0 1 1 0 0 1 1 0 1 1 0 1 1 1 1 0 1 1 0 0 1 0 0 1 0 1 1 1 1 1 1 0 0 0 1 0 1 1 0 1 1 1 1 0 1 1 1 1 0 1 0 1 1 0 0 1 1 0 0 1 1 1 0 1 1 1 1 0 1 1 1 1 1 0 1 1 0 0 0 1 1 1 1 1 1 1 1 0 0 1 0 1 1 0 1 1 0 1 1 1 1
0.59759504 0.5926265 0.58952355 0.5432668 0.43473434 0.42456317 0.59241676 0.4339982 0.5867932 0.43859968 0.5925001 0.4509431 0.4780307 0.41913155 0.58637077 0.43337512 0.5667247 0.5933909 0.5723569 0.43835187 0.43978995 0.5241205 0.5950182 0.59935224 0.58480924 0.6045394 0.41884777 0.59213847 0.5819118 0.43038025 0.5728222 0.5903362 0.57873935 0.6033826 0.44079152 0.45741835 0.44920072 0.4303852 0.57109904 0.4309691 0.5785977 0.59340984 0.462676 0.42958114 0.58611804 0.5762782 0.42470297 0.5970258 0.59142053 0.45696357 0.5757156 0.5816427 0.57519054 0.59427065 0.44227967 0.5803551 0.5592651 0.44272685 0.46341762 0.5769298 0.45470554 0.4515211 0.5663633 0.41568696 0.5772377 0.58662105 0.5964782 0.57114697 0.58598256 0.58633786 0.4500949 0.45429924 0.43239534 0.5938909 0.43234462 0.5772922 0.5930656 0.45463496 0.59039897 0.5819507 0.56265235 0.5763995 0.4313703 0.5913549 0.58769053 0.5963375 0.5988074 0.45261192 0.5741612 0.44350895 0.58869797 0.5956168 0.43806618 0.4502604 0.59800196 0.5917115 0.45437238 0.45044073 0.56983227 0.57707185 0.59175336 0.44889113 0.5745362 0.57734025 0.600442 0.57237864 0.46267956 0.5664364 0.6000027 0.5984405 0.5926509 0.5844267 0.46760452 0.5865963 0.5982762 0.44117558 0.45277324 0.4491435 0.59331936 0.60609996 0.5994614 0.5903836 0.60167134 0.5804157 0.58268803 0.58352053 0.46043074 0.4384057 0.60566074 0.45088193 0.5995366 0.5901876 0.4249694 0.5969629 0.57101816 0.45247686 0.60235274 0.5866388 0.5828027 0.599809
 accuracy: 100.00%
precision: 100.00%
   recall: 100.00%
       F1: 100.00%
      AUC: 100.00%

<test_data>
1 1 1 0 0 1 1 1 1 0 1 0 1 1 0 1 1 1 0 1 1 1 1 1 0 1 1 1 1 1 1 0 1 1 0
1 1 1 0 0 1 1 1 1 0 0 1 1 1 1 1 1 1 1 1 0 1 1 1 0 1 1 1 1 1 0 1 0 1 0
0.5259158 0.51467025 0.5648034 0.4813203 0.49346495 0.54950196 0.5143284 0.5162479 0.54082215 0.45257148 0.49564943 0.51702064 0.5566464 0.5188626 0.50805146 0.56027406 0.57932603 0.5478376 0.5429312 0.52806437 0.49155614 0.5071751 0.51245236 0.5471225 0.4576804 0.5343936 0.5214044 0.5199735 0.54407144 0.5510123 0.45967948 0.5366036 0.48474213 0.5276939 0.49223563
 accuracy: 77.14%
precision: 84.62%
   recall: 84.62%
       F1: 84.62%
      AUC: 76.92%
*----------------------------------------------------------------------------------------------------------