T2WI-P
<train_data>
1 1 1 1 0 0 1 0 1 0 1 0 0 0 1 0 1 1 1 0 0 1 1 1 1 1 0 1 1 0 1 1 1 1 0 0 0 0 1 0 1 1 0 0 1 1 0 1 1 0 1 1 1 1 0 1 1 0 0 1 0 0 1 0 1 1 1 1 1 1 0 0 0 1 0 1 1 0 1 1 1 1 0 1 1 1 1 0 1 0 1 1 0 0 1 1 0 0 1 1 1 0 1 1 1 1 0 1 1 1 1 1 0 1 1 0 0 0 1 1 1 1 1 1 1 1 0 0 1 0 1 1 0 1 1 0 1 1 1 1
1 1 1 1 0 0 1 0 1 0 1 0 0 0 1 0 1 1 1 0 0 1 1 1 1 1 0 1 1 0 1 1 1 1 0 0 0 0 1 0 1 1 0 0 1 1 0 1 1 0 1 1 1 1 0 1 1 0 0 1 0 0 1 0 1 1 1 1 1 1 0 0 0 1 0 1 1 0 1 1 1 1 0 1 1 1 1 0 1 0 1 1 0 0 1 1 0 0 1 1 1 0 1 1 1 1 0 1 1 1 1 1 0 1 1 0 0 0 1 1 1 1 1 1 1 1 0 0 1 0 1 1 0 1 1 0 1 1 1 1
0.5777242 0.55313355 0.5874113 0.5676417 0.43897736 0.42907295 0.589352 0.4374375 0.599129 0.44801193 0.6034697 0.49381736 0.4605272 0.46705237 0.5681816 0.4532963 0.57473636 0.5976146 0.58959997 0.46119907 0.45055076 0.5617965 0.5733596 0.59371674 0.59273225 0.5999587 0.47505528 0.6108612 0.5758169 0.44103095 0.56722546 0.5717927 0.553308 0.5902915 0.46775356 0.46271783 0.4414277 0.4771513 0.58186483 0.4390132 0.57731223 0.58350486 0.4412544 0.44994044 0.59711474 0.5836255 0.44229722 0.5787923 0.5808612 0.4343282 0.58437544 0.5969225 0.5847933 0.56717855 0.46518183 0.57576376 0.60703367 0.473655 0.46753624 0.5820304 0.43550035 0.46985078 0.5941627 0.47047022 0.5644228 0.5993162 0.5762022 0.5745761 0.60407627 0.5729671 0.45477727 0.47402328 0.43647 0.5876126 0.44662485 0.5494283 0.5546917 0.45751685 0.5955734 0.5962916 0.603587 0.6020971 0.45519853 0.5512998 0.5604916 0.5916963 0.60141015 0.4501666 0.5497873 0.457523 0.55149853 0.5548338 0.44936374 0.440837 0.5890785 0.5897728 0.4610476 0.44942 0.5447248 0.56856203 0.59782046 0.4486979 0.59629184 0.6022658 0.6038394 0.5615386 0.46802735 0.5950687 0.5823419 0.5693785 0.5718736 0.59993714 0.4928689 0.59006274 0.584762 0.46214324 0.47826183 0.4291223 0.5980474 0.59394366 0.57947296 0.5898022 0.5863024 0.59966683 0.5679026 0.5819921 0.46690986 0.45784006 0.6086246 0.44657892 0.5965288 0.55478907 0.44354516 0.58709496 0.5833917 0.45028028 0.6055876 0.5981257 0.56125784 0.60226834
 accuracy: 100.00%
precision: 100.00%
   recall: 100.00%
       F1: 100.00%
      AUC: 100.00%

<test_data>
1 1 1 0 0 1 1 1 1 0 1 0 1 1 0 1 1 1 0 1 1 1 1 1 0 1 1 1 1 1 1 0 1 1 0
1 0 1 0 1 1 1 1 1 1 1 1 1 1 1 1 1 1 1 1 1 1 1 1 0 0 1 1 1 1 1 0 1 1 1
0.5041066 0.4836805 0.56509715 0.46870095 0.5347254 0.50920606 0.5478401 0.54549736 0.58567876 0.5358826 0.6009902 0.58827114 0.5084273 0.5220872 0.56995255 0.5728349 0.58990586 0.5311208 0.50170445 0.5979555 0.5767623 0.6017518 0.55985343 0.557215 0.49535763 0.452434 0.5293078 0.54182404 0.5602005 0.52451473 0.5191092 0.48908004 0.5731305 0.542777 0.53740156
 accuracy: 77.14%
precision: 80.00%
   recall: 92.31%
       F1: 85.71%
      AUC: 67.09%
*----------------------------------------------------------------------------------------------------------
ADC-P
<train_data>
1 1 1 1 0 0 1 0 1 0 1 0 0 0 1 0 1 1 1 0 0 1 1 1 1 1 0 1 1 0 1 1 1 1 0 0 0 0 1 0 1 1 0 0 1 1 0 1 1 0 1 1 1 1 0 1 1 0 0 1 0 0 1 0 1 1 1 1 1 1 0 0 0 1 0 1 1 0 1 1 1 1 0 1 1 1 1 0 1 0 1 1 0 0 1 1 0 0 1 1 1 0 1 1 1 1 0 1 1 1 1 1 0 1 1 0 0 0 1 1 1 1 1 1 1 1 0 0 1 0 1 1 0 1 1 0 1 1 1 1
1 1 1 1 0 0 1 0 1 0 1 0 0 0 1 0 1 1 1 0 0 1 1 1 1 1 0 1 1 0 1 1 1 1 0 0 0 0 1 0 1 1 0 0 1 1 0 1 1 0 1 1 1 1 0 1 1 0 0 1 0 0 1 0 1 1 1 1 1 1 0 0 0 1 0 1 1 0 1 1 1 1 0 1 1 1 1 0 1 0 1 1 0 0 1 1 1 0 1 1 1 0 1 1 1 1 0 1 1 1 1 1 0 1 1 0 0 0 1 1 1 1 1 1 1 1 0 0 1 0 1 1 0 1 1 0 1 1 1 1
0.5979377 0.54295015 0.5723307 0.5973581 0.46378848 0.45365682 0.582728 0.44960052 0.59520507 0.46234143 0.59684646 0.4907445 0.4461753 0.44129264 0.5687381 0.45463604 0.59850425 0.56446457 0.59049785 0.45048282 0.42678326 0.55493754 0.55898345 0.57635635 0.578359 0.58542734 0.45438862 0.605389 0.5816266 0.43123546 0.5826337 0.5931409 0.5602498 0.5834928 0.43705842 0.45494238 0.44790536 0.4772135 0.5744156 0.42609105 0.5139808 0.6111946 0.44306606 0.43722603 0.5811686 0.5631497 0.43146184 0.57382405 0.571743 0.45082775 0.6007944 0.6109205 0.6057878 0.59430885 0.44815844 0.5856149 0.6047789 0.42866716 0.4450805 0.5827312 0.46887118 0.47549862 0.5950962 0.44439453 0.5805822 0.5789764 0.5934702 0.56931454 0.5806438 0.59349287 0.44697672 0.45001513 0.4487244 0.5951363 0.4741128 0.6028212 0.5529851 0.48351467 0.56567955 0.58227926 0.5682612 0.6003019 0.43432397 0.57718444 0.5879991 0.590344 0.55667406 0.4452663 0.56789446 0.44838092 0.5790812 0.5719156 0.4412724 0.45587596 0.59316194 0.57226545 0.5003737 0.4521657 0.5828696 0.5917609 0.5742051 0.4313214 0.5936089 0.5816749 0.5977263 0.5899987 0.4576053 0.5861956 0.5834133 0.59611416 0.5649307 0.5774284 0.45843095 0.60500765 0.56521624 0.44929034 0.43503636 0.44915897 0.57157797 0.5867947 0.6000385 0.5715153 0.6040297 0.588017 0.59265256 0.6087955 0.46405458 0.42066732 0.5967837 0.48982748 0.603404 0.5435575 0.43249348 0.5744375 0.5901791 0.42020833 0.60884255 0.594121 0.5552349 0.60751796
 accuracy: 99.29%
precision: 98.90%
   recall: 100.00%
       F1: 99.45%
      AUC: 100.00%

<test_data>
1 1 1 0 0 1 1 1 1 0 1 0 1 1 0 1 1 1 0 1 1 1 1 1 0 1 1 1 1 1 1 0 1 1 0
0 1 1 1 1 1 1 1 1 1 1 1 1 1 1 1 1 0 1 1 1 1 1 0 1 1 1 1 1 1 0 0 1 1 1
0.47358572 0.6005811 0.6075145 0.5606138 0.5829149 0.50003254 0.5495041 0.5799289 0.5386469 0.5543268 0.56070894 0.59921783 0.54880685 0.54477984 0.5462732 0.5506598 0.5543005 0.48471323 0.5130955 0.5803057 0.53825235 0.5861482 0.5496423 0.49030805 0.53312725 0.5826701 0.5465587 0.5573738 0.58917904 0.5480225 0.48345202 0.47630048 0.5256076 0.51216894 0.5387381
 accuracy: 65.71%
precision: 73.33%
   recall: 84.62%
       F1: 78.57%
      AUC: 51.28%
*----------------------------------------------------------------------------------------------------------
DWI-P
<train_data>
1 1 1 1 0 0 1 0 1 0 1 0 0 0 1 0 1 1 1 0 0 1 1 1 1 1 0 1 1 0 1 1 1 1 0 0 0 0 1 0 1 1 0 0 1 1 0 1 1 0 1 1 1 1 0 1 1 0 0 1 0 0 1 0 1 1 1 1 1 1 0 0 0 1 0 1 1 0 1 1 1 1 0 1 1 1 1 0 1 0 1 1 0 0 1 1 0 0 1 1 1 0 1 1 1 1 0 1 1 1 1 1 0 1 1 0 0 0 1 1 1 1 1 1 1 1 0 0 1 0 1 1 0 1 1 0 1 1 1 1
1 1 1 1 0 0 1 0 1 0 1 0 0 0 1 0 1 1 1 0 0 1 1 1 1 1 0 1 1 0 1 1 1 1 0 0 0 0 1 0 1 1 0 0 1 1 0 1 1 0 1 1 1 1 0 1 1 0 0 1 0 0 1 0 1 1 1 1 1 1 0 0 0 1 0 1 1 0 1 1 1 1 0 1 1 1 1 0 1 0 1 1 0 0 1 1 0 0 1 1 1 0 1 1 1 1 0 1 1 1 1 1 0 1 1 0 0 0 1 1 1 1 1 1 1 1 0 0 1 0 1 1 0 1 1 0 1 1 1 1
0.58287525 0.5774419 0.5981335 0.5908715 0.43882075 0.43714437 0.57920206 0.45770797 0.59877545 0.46291742 0.60168946 0.44665995 0.44116074 0.47448358 0.5908539 0.46689484 0.58255756 0.59161055 0.6040887 0.47406346 0.4481571 0.55926055 0.5632594 0.5897085 0.5805091 0.5952979 0.42931837 0.6039652 0.6050596 0.4550657 0.5744793 0.56894255 0.5937832 0.59658456 0.46949312 0.44909164 0.45728007 0.49786204 0.55555683 0.4586105 0.58270246 0.6186597 0.43888393 0.43571803 0.5684703 0.5656082 0.435673 0.6028559 0.60092384 0.45953643 0.6037953 0.6119469 0.6005627 0.6113656 0.43695655 0.573936 0.59989953 0.43591097 0.45018458 0.6035043 0.45635873 0.46396184 0.57568246 0.47647363 0.57750046 0.61236167 0.6046697 0.56948 0.5495816 0.6135775 0.44312808 0.43736872 0.44105762 0.5726229 0.48155737 0.5985186 0.5625109 0.46130976 0.60186666 0.5861082 0.5797513 0.5908874 0.43721434 0.60095197 0.5862748 0.6038118 0.59195036 0.45793983 0.6001006 0.43908224 0.566203 0.58811456 0.46566084 0.42807022 0.5674012 0.58545464 0.444054 0.43452704 0.5668284 0.58863217 0.5739134 0.47219035 0.56274676 0.57255846 0.5724381 0.5899495 0.47450688 0.57469183 0.59987617 0.5584996 0.5296142 0.58014655 0.47762582 0.59905803 0.53684056 0.4678296 0.46798402 0.4642198 0.57351047 0.59732825 0.56596047 0.5771224 0.5969393 0.6090877 0.5823865 0.58102125 0.4409068 0.42791405 0.59901077 0.43527964 0.6120729 0.55660087 0.45170334 0.6123783 0.5769166 0.43019623 0.5885553 0.61089194 0.563816 0.6081857
 accuracy: 100.00%
precision: 100.00%
   recall: 100.00%
       F1: 100.00%
      AUC: 100.00%

<test_data>
1 1 1 0 0 1 1 1 1 0 1 0 1 1 0 1 1 1 0 1 1 1 1 1 0 1 1 1 1 1 1 0 1 1 0
1 1 1 1 1 1 1 1 1 1 1 1 1 1 0 1 1 1 0 1 1 1 1 0 0 1 1 1 1 0 1 1 1 1 0
0.5030048 0.55643076 0.5971609 0.588256 0.5050555 0.54512495 0.5266505 0.5412694 0.56327677 0.587297 0.5383821 0.5956946 0.50099367 0.56180125 0.4687376 0.6081547 0.57477605 0.55132747 0.46356085 0.5944185 0.546204 0.58365 0.5257654 0.47454673 0.49576443 0.56407493 0.54445815 0.5781788 0.5253818 0.4818032 0.5338224 0.5486094 0.5636134 0.52171624 0.47559276
 accuracy: 80.00%
precision: 82.76%
   recall: 92.31%
       F1: 87.27%
      AUC: 61.11%
*----------------------------------------------------------------------------------------------------------
T2WI+DWI-P
<train_data>
1 1 1 1 0 0 1 0 1 0 1 0 0 0 1 0 1 1 1 0 0 1 1 1 1 1 0 1 1 0 1 1 1 1 0 0 0 0 1 0 1 1 0 0 1 1 0 1 1 0 1 1 1 1 0 1 1 0 0 1 0 0 1 0 1 1 1 1 1 1 0 0 0 1 0 1 1 0 1 1 1 1 0 1 1 1 1 0 1 0 1 1 0 0 1 1 0 0 1 1 1 0 1 1 1 1 0 1 1 1 1 1 0 1 1 0 0 0 1 1 1 1 1 1 1 1 0 0 1 0 1 1 0 1 1 0 1 1 1 1
1 1 1 1 0 0 1 0 1 0 1 0 0 0 1 0 1 1 1 0 0 1 1 1 1 1 0 1 1 0 1 1 1 1 0 0 0 0 1 0 1 1 0 0 1 1 0 1 1 0 1 1 1 1 0 1 1 0 0 1 0 0 1 0 1 1 1 1 1 1 0 0 0 1 0 1 1 0 1 1 1 1 0 1 1 1 1 0 1 0 1 1 0 0 1 1 0 0 1 1 1 0 1 1 1 1 0 1 1 1 1 1 0 1 1 0 0 0 1 1 1 1 1 1 1 1 0 0 1 0 1 1 0 1 1 0 1 1 1 1
0.5608358 0.55014336 0.60451066 0.58507806 0.44776165 0.43233463 0.56862766 0.44533944 0.6006553 0.47861388 0.6029477 0.47900173 0.45875716 0.43629304 0.55694747 0.43209755 0.5785364 0.6083767 0.579382 0.4385407 0.4559163 0.57681745 0.5819238 0.5961012 0.6045375 0.5971736 0.4544711 0.5896294 0.5763615 0.4374783 0.585337 0.5839759 0.55427116 0.6076661 0.49428385 0.45489404 0.44929615 0.46310747 0.5833584 0.43534198 0.60028774 0.58461887 0.43733653 0.43379465 0.59737676 0.58693445 0.43437675 0.596944 0.5895827 0.43765002 0.5864009 0.60772175 0.56831837 0.5806897 0.4335483 0.5776245 0.60957235 0.44320807 0.4509592 0.58432794 0.47725 0.43410155 0.5722165 0.4444124 0.5901422 0.59816027 0.5888458 0.6085164 0.569215 0.5883908 0.44647396 0.4577921 0.45674112 0.5784359 0.45001137 0.5584686 0.55372727 0.46830308 0.5725811 0.5994312 0.6131906 0.5732509 0.43279132 0.57233286 0.5798325 0.5753109 0.5955455 0.44639537 0.55277807 0.44417176 0.56068987 0.58769965 0.4365527 0.4494102 0.60745376 0.54254234 0.45905235 0.47125083 0.57648677 0.58598244 0.57393694 0.43952858 0.5762133 0.59140205 0.59326655 0.5866764 0.46638957 0.58644545 0.6014264 0.560177 0.6013137 0.6021914 0.440988 0.59599286 0.6063081 0.44738173 0.44193646 0.44764793 0.5982344 0.60487145 0.5956154 0.5992116 0.5993485 0.6066945 0.59618765 0.5710957 0.43928936 0.43275672 0.5940395 0.46174538 0.598557 0.55885947 0.44642442 0.58839047 0.589465 0.47568318 0.592752 0.609455 0.5726909 0.5873634
 accuracy: 100.00%
precision: 100.00%
   recall: 100.00%
       F1: 100.00%
      AUC: 100.00%

<test_data>
1 1 1 0 0 1 1 1 1 0 1 0 1 1 0 1 1 1 0 1 1 1 1 1 0 1 1 1 1 1 1 0 1 1 0
0 1 1 0 1 1 1 1 1 1 1 1 1 1 1 1 1 1 0 1 1 1 1 1 0 1 1 1 1 1 1 0 1 1 0
0.49186495 0.50117666 0.5614334 0.46962684 0.5372307 0.5319158 0.568848 0.5398994 0.58834845 0.50438446 0.53595865 0.5577665 0.52861166 0.57685727 0.5668565 0.5983936 0.58749473 0.51647294 0.4721802 0.5531629 0.5117159 0.5629648 0.5611135 0.58166957 0.49362373 0.52307385 0.5233335 0.5338303 0.55445266 0.56924415 0.5399546 0.48948592 0.5853802 0.5423776 0.49541402
 accuracy: 85.71%
precision: 86.21%
   recall: 96.15%
       F1: 90.91%
      AUC: 79.91%
*----------------------------------------------------------------------------------------------------------
ADC+DWI-P
<train_data>
1 1 1 1 0 0 1 0 1 0 1 0 0 0 1 0 1 1 1 0 0 1 1 1 1 1 0 1 1 0 1 1 1 1 0 0 0 0 1 0 1 1 0 0 1 1 0 1 1 0 1 1 1 1 0 1 1 0 0 1 0 0 1 0 1 1 1 1 1 1 0 0 0 1 0 1 1 0 1 1 1 1 0 1 1 1 1 0 1 0 1 1 0 0 1 1 0 0 1 1 1 0 1 1 1 1 0 1 1 1 1 1 0 1 1 0 0 0 1 1 1 1 1 1 1 1 0 0 1 0 1 1 0 1 1 0 1 1 1 1
1 1 1 1 0 0 1 0 1 0 1 0 0 0 1 0 1 1 1 0 0 1 1 1 1 1 0 1 1 0 1 1 1 1 0 0 0 0 1 0 1 1 0 0 1 1 0 1 1 0 1 1 1 1 0 1 1 0 0 1 0 0 1 0 1 1 1 1 1 1 0 0 0 1 0 1 1 0 1 1 1 1 0 1 1 1 1 0 1 0 1 1 0 0 1 1 0 0 1 1 1 0 1 1 1 1 0 1 1 1 1 1 0 1 1 0 0 0 1 1 1 1 1 1 1 1 0 0 1 0 1 1 0 1 1 0 1 1 1 1
0.58011687 0.56414807 0.5922199 0.6010474 0.47699204 0.42613456 0.597867 0.469975 0.5910065 0.42847788 0.6062249 0.48395818 0.4276016 0.42216486 0.5313375 0.41677433 0.5949443 0.5846543 0.59549266 0.42111248 0.46387157 0.54431313 0.5777342 0.58719593 0.60632855 0.56710714 0.4214666 0.6022412 0.5854143 0.42216146 0.59717375 0.5879873 0.59629 0.6034508 0.46400392 0.46013197 0.45712373 0.44732752 0.5920687 0.4180454 0.5897835 0.6061837 0.42509487 0.43386087 0.58747596 0.55970144 0.43657655 0.5717599 0.5923444 0.44292706 0.6104659 0.605424 0.5806189 0.59394795 0.44939974 0.5915334 0.5979559 0.41549253 0.41594434 0.56021845 0.4566532 0.4656839 0.5921539 0.44264945 0.6026255 0.5944726 0.60505605 0.59406435 0.59529 0.6004548 0.41861603 0.43191695 0.45377815 0.59839445 0.48222503 0.5941776 0.57003206 0.48245254 0.5564544 0.5870353 0.6042215 0.60368407 0.42939317 0.58048 0.5797099 0.5799407 0.5703558 0.4402329 0.57406694 0.45121086 0.5825808 0.5840234 0.4476693 0.48305842 0.6052633 0.5854575 0.49580452 0.45295545 0.5942156 0.585924 0.6036632 0.42779762 0.5921351 0.54595953 0.5738259 0.5942246 0.43631846 0.5790157 0.6040236 0.6052269 0.57033235 0.59075063 0.42655116 0.59865487 0.5519625 0.45966718 0.4217308 0.42727613 0.57588 0.5813348 0.58324903 0.5959502 0.6052872 0.56596375 0.5953695 0.60230196 0.4361715 0.42814627 0.5819951 0.49750316 0.6022781 0.5471112 0.43143252 0.5744393 0.58807915 0.4590417 0.5960786 0.6042206 0.5464557 0.59409994
 accuracy: 100.00%
precision: 100.00%
   recall: 100.00%
       F1: 100.00%
      AUC: 100.00%

<test_data>
1 1 1 0 0 1 1 1 1 0 1 0 1 1 0 1 1 1 0 1 1 1 1 1 0 1 1 1 1 1 1 0 1 1 0
1 1 1 1 1 1 1 1 1 0 1 1 1 1 1 1 1 1 0 0 1 1 1 1 1 1 1 1 1 0 1 0 1 0 1
0.51508373 0.6025518 0.58487606 0.57773477 0.5709709 0.5530363 0.5819597 0.51641005 0.5391629 0.47155654 0.55501574 0.587878 0.5673101 0.5872952 0.57109207 0.5695364 0.5201142 0.5658166 0.48554605 0.45073676 0.5539335 0.5872187 0.58081824 0.5022592 0.56707346 0.58880335 0.5494646 0.569229 0.5912425 0.49022117 0.5234644 0.44288954 0.53892195 0.44484824 0.501392
 accuracy: 74.29%
precision: 79.31%
   recall: 88.46%
       F1: 83.64%
      AUC: 57.69%
*----------------------------------------------------------------------------------------------------------
T2WI+ADC-P
<train_data>
1 1 1 1 0 0 1 0 1 0 1 0 0 0 1 0 1 1 1 0 0 1 1 1 1 1 0 1 1 0 1 1 1 1 0 0 0 0 1 0 1 1 0 0 1 1 0 1 1 0 1 1 1 1 0 1 1 0 0 1 0 0 1 0 1 1 1 1 1 1 0 0 0 1 0 1 1 0 1 1 1 1 0 1 1 1 1 0 1 0 1 1 0 0 1 1 0 0 1 1 1 0 1 1 1 1 0 1 1 1 1 1 0 1 1 0 0 0 1 1 1 1 1 1 1 1 0 0 1 0 1 1 0 1 1 0 1 1 1 1
1 1 1 1 0 0 1 0 1 0 1 0 0 0 1 0 1 1 1 0 0 1 1 1 1 1 0 1 1 0 1 1 1 1 0 0 0 0 1 0 1 1 0 0 1 1 0 1 1 0 1 1 1 1 0 1 1 0 0 1 0 0 1 0 1 1 1 1 1 1 0 0 0 1 0 1 1 0 1 1 1 1 0 1 1 1 1 0 1 0 1 1 0 0 1 1 0 0 1 1 1 0 1 1 1 1 0 1 1 1 1 1 0 1 1 0 0 0 1 1 1 1 1 1 1 1 0 0 1 0 1 1 0 1 1 0 1 1 1 1
0.59834456 0.5475982 0.59534705 0.58129597 0.44067731 0.43691263 0.5677574 0.4432859 0.6017805 0.44283265 0.59233665 0.49614963 0.4515662 0.4365516 0.5916421 0.4389235 0.58536327 0.5991781 0.5946932 0.4362808 0.4452672 0.5609254 0.5743809 0.5920927 0.60052675 0.567575 0.4412556 0.6031588 0.5862701 0.43721107 0.56779903 0.5886047 0.5483813 0.5627927 0.4567465 0.4570505 0.44056597 0.44635746 0.5721084 0.4336949 0.5932109 0.5984629 0.4402425 0.45631447 0.5982989 0.58256406 0.43887118 0.59199566 0.59866846 0.43483385 0.5831826 0.60661215 0.59129786 0.57605773 0.46387234 0.583697 0.60404915 0.4575952 0.4850927 0.60253924 0.47571024 0.4603395 0.5958957 0.4563632 0.5890445 0.5911527 0.5928339 0.59118867 0.6000237 0.581751 0.4679454 0.4664627 0.46398303 0.5834273 0.43840355 0.58343023 0.5500514 0.4615392 0.5935159 0.6014241 0.5862437 0.6001834 0.44283605 0.58189476 0.5797895 0.57033664 0.5915835 0.47797948 0.54499245 0.43940127 0.544092 0.57122815 0.44879502 0.44101486 0.5835624 0.5697446 0.4697313 0.45653203 0.55992895 0.5930218 0.57781214 0.44015104 0.5774832 0.59890294 0.60242563 0.59141177 0.45107955 0.601129 0.6008605 0.5721825 0.58845323 0.59890395 0.45936492 0.5908856 0.59839505 0.4509582 0.43618786 0.46410546 0.5862522 0.599412 0.58875805 0.5995173 0.60033816 0.5954135 0.57777125 0.59317005 0.44409195 0.43630657 0.57863677 0.4516705 0.59409654 0.55513453 0.440036 0.59665704 0.58176863 0.45465344 0.6028265 0.60636914 0.55301887 0.6087609
 accuracy: 100.00%
precision: 100.00%
   recall: 100.00%
       F1: 100.00%
      AUC: 100.00%

<test_data>
1 1 1 0 0 1 1 1 1 0 1 0 1 1 0 1 1 1 0 1 1 1 1 1 0 1 1 1 1 1 1 0 1 1 0
0 0 1 0 1 1 1 1 1 1 1 1 1 1 1 1 1 1 1 1 0 1 1 1 1 0 1 1 1 1 0 0 1 1 1
0.48175827 0.49616393 0.58457714 0.46515834 0.56832725 0.5198118 0.5664578 0.55519533 0.5726078 0.5613912 0.5447938 0.500459 0.5370332 0.5580921 0.5241876 0.5742444 0.58422965 0.53881735 0.5007778 0.53077996 0.48898432 0.58731097 0.5679434 0.5472736 0.55580527 0.48684806 0.5460744 0.54419565 0.5102939 0.5663518 0.48536614 0.47305998 0.50586575 0.557172 0.54492867
 accuracy: 65.71%
precision: 75.00%
   recall: 80.77%
       F1: 77.78%
      AUC: 63.25%
*----------------------------------------------------------------------------------------------------------
T2WI+ADC+DWI-P
<train_data>
1 1 1 1 0 0 1 0 1 0 1 0 0 0 1 0 1 1 1 0 0 1 1 1 1 1 0 1 1 0 1 1 1 1 0 0 0 0 1 0 1 1 0 0 1 1 0 1 1 0 1 1 1 1 0 1 1 0 0 1 0 0 1 0 1 1 1 1 1 1 0 0 0 1 0 1 1 0 1 1 1 1 0 1 1 1 1 0 1 0 1 1 0 0 1 1 0 0 1 1 1 0 1 1 1 1 0 1 1 1 1 1 0 1 1 0 0 0 1 1 1 1 1 1 1 1 0 0 1 0 1 1 0 1 1 0 1 1 1 1
1 1 1 1 0 0 1 0 1 0 1 0 0 0 1 0 1 1 1 0 0 1 1 1 1 1 0 1 1 0 1 1 1 1 0 0 0 0 1 0 1 1 0 0 1 1 0 1 1 0 1 1 1 1 0 1 1 0 0 1 0 0 1 0 1 1 1 1 1 1 0 0 0 1 0 1 1 0 1 1 1 1 0 1 1 1 1 0 1 0 1 1 0 0 1 1 0 0 1 1 1 0 1 1 1 1 0 1 1 1 1 1 0 1 1 0 0 0 1 1 1 1 1 1 1 1 0 0 1 0 1 1 0 1 1 0 1 1 1 1
0.57097703 0.55371267 0.5993953 0.5932919 0.4528463 0.43400094 0.56626594 0.45190254 0.5968098 0.46326208 0.5946649 0.4862623 0.45046023 0.4354609 0.56163365 0.43176293 0.59051406 0.60779977 0.5825237 0.43982536 0.4591155 0.57383937 0.58181506 0.596201 0.60843927 0.5831692 0.4451452 0.5986344 0.5862395 0.43734342 0.5903483 0.58698606 0.5558549 0.5765815 0.4763785 0.4430356 0.44133183 0.45300183 0.5865336 0.43438187 0.5984251 0.5911636 0.43504676 0.43661603 0.5951151 0.58715343 0.4361865 0.5975224 0.5950767 0.43796352 0.59257734 0.6080597 0.573551 0.58978194 0.43381417 0.58342755 0.61148095 0.44484115 0.45791885 0.5851147 0.48027834 0.44178405 0.5764799 0.44757548 0.58926606 0.5984854 0.6002594 0.60926723 0.5766195 0.59607685 0.4506216 0.46101698 0.45941463 0.5840247 0.44645303 0.57143706 0.558213 0.46348634 0.57432044 0.59770525 0.6056148 0.57771695 0.4342064 0.5766607 0.5852108 0.5606154 0.59481907 0.44737133 0.55380285 0.44245133 0.5665643 0.5732268 0.4350723 0.44826123 0.6054664 0.5450202 0.4623093 0.4718635 0.5812827 0.5897698 0.57915723 0.4384556 0.5701308 0.5970855 0.5960417 0.59072757 0.45790416 0.59255666 0.6061779 0.5563452 0.59523624 0.6063107 0.4479498 0.6051654 0.61044323 0.4475369 0.4408084 0.44894618 0.59201795 0.6029233 0.5983004 0.60593504 0.60491455 0.6050541 0.5981112 0.5828424 0.43439108 0.43094498 0.58655894 0.4517738 0.60189885 0.5611396 0.43890908 0.5933672 0.5914478 0.46951708 0.59115463 0.60863155 0.5651121 0.58798367
 accuracy: 100.00%
precision: 100.00%
   recall: 100.00%
       F1: 100.00%
      AUC: 100.00%

<test_data>
1 1 1 0 0 1 1 1 1 0 1 0 1 1 0 1 1 1 0 1 1 1 1 1 0 1 1 1 1 1 1 0 1 1 0
0 0 1 0 1 1 1 1 1 1 1 1 1 1 1 1 1 1 0 1 0 1 1 1 1 1 1 1 1 1 1 0 1 1 1
0.49538806 0.49188864 0.58219916 0.48156804 0.5424302 0.5333358 0.5850542 0.5402175 0.5834748 0.5172913 0.5427071 0.52798194 0.54676676 0.5827844 0.5223488 0.6015886 0.58448976 0.53292817 0.4772633 0.55118877 0.47557858 0.5700121 0.5813524 0.572098 0.5134146 0.5225574 0.5269732 0.55406004 0.5243544 0.5773876 0.51174337 0.47667128 0.55375147 0.55701464 0.50337064
 accuracy: 74.29%
precision: 79.31%
   recall: 88.46%
       F1: 83.64%
      AUC: 85.04%
*----------------------------------------------------------------------------------------------------------