T2WI-P
<train_data>
1 1 1 1 0 0 1 0 1 0 1 0 0 0 1 0 1 1 1 0 0 1 1 1 1 1 0 1 1 0 1 1 1 1 0 0 0 0 1 0 1 1 0 0 1 1 0 1 1 0 1 1 1 1 0 1 1 0 0 1 0 0 1 0 1 1 1 1 1 1 0 0 0 1 0 1 1 0 1 1 1 1 0 1 1 1 1 0 1 0 1 1 0 0 1 1 0 0 1 1 1 0 1 1 1 1 0 1 1 1 1 1 0 1 1 0 0 0 1 1 1 1 1 1 1 1 0 0 1 0 1 1 0 1 1 0 1 1 1 1
1 1 1 1 0 0 1 0 1 0 1 0 0 0 1 0 1 1 1 0 0 1 1 1 1 1 0 1 1 0 1 1 1 1 0 0 0 0 1 0 1 1 0 0 1 1 0 1 1 0 1 1 1 1 0 1 1 0 0 1 0 0 1 0 1 1 1 1 1 1 0 0 0 1 0 1 1 0 1 1 1 1 0 1 1 1 1 0 1 0 1 1 0 0 1 1 0 0 1 1 1 0 1 1 1 1 0 1 1 1 1 1 0 1 1 0 0 0 1 1 1 1 1 1 1 1 0 0 1 0 1 1 0 1 1 0 1 1 1 1	
0.57776904 0.55302244 0.5873745 0.5685609 0.43932036 0.4297097 0.5895419 0.4375252 0.5983318 0.44720352 0.60440606 0.49461582 0.46016523 0.4668355 0.5687763 0.4543381 0.5749482 0.5982961 0.5906668 0.45960015 0.45096144 0.5618839 0.574082 0.5932629 0.5924386 0.6020614 0.47336644 0.6114551 0.57333595 0.44077232 0.56843764 0.57083595 0.5513716 0.5894 0.4687516 0.4640955 0.44173416 0.47672176 0.5815599 0.43903443 0.58017987 0.58313286 0.44126797 0.44898656 0.59757346 0.584093 0.4433773 0.57985526 0.5799143 0.4345198 0.5838459 0.59624195 0.5858744 0.56562155 0.4670583 0.5773251 0.60700315 0.4741379 0.4666803 0.5832322 0.43511426 0.46994224 0.59265053 0.471702 0.5654399 0.5987201 0.57632005 0.5739591 0.6053822 0.5720385 0.45582914 0.47397625 0.4366406 0.58612615 0.44680384 0.5510887 0.5530621 0.45737705 0.5949125 0.59652406 0.6036164 0.6003901 0.45806077 0.5512927 0.55747855 0.5912855 0.6016068 0.45022923 0.550193 0.45824444 0.55153733 0.5542773 0.45093173 0.4411773 0.5875445 0.59282744 0.46181974 0.4507207 0.54449475 0.5673598 0.60065264 0.44951385 0.5974273 0.6014552 0.60412264 0.5618938 0.468891 0.5946045 0.5832834 0.5684443 0.57160133 0.60032195 0.49320018 0.5904761 0.5859078 0.46223706 0.47851864 0.4292513 0.59749293 0.5950972 0.5811842 0.5920552 0.58549196 0.5990218 0.57186633 0.58185685 0.46504804 0.45730942 0.61003375 0.44702962 0.59880686 0.55293965 0.44083533 0.5890204 0.58575773 0.45064893 0.60328746 0.5973634 0.56057215 0.60272396	
 accuracy: 100.00%
precision: 100.00%
   recall: 100.00%
       F1: 100.00%
      AUC: 100.00%

<test_data>
1 1 1 0 0 1 1 1 1 0 1 0 1 1 0 1 1 1 0 1 1 1 1 1 0 1 1 1 1 1 1 0 1 1 0	
1 0 1 0 1 1 1 1 1 1 1 1 1 1 1 1 1 1 1 1 1 1 1 1 0 0 1 1 1 1 1 0 1 1 1	
0.5028783 0.48423532 0.56171924 0.4715854 0.53378844 0.5095062 0.5488921 0.5496728 0.5864155 0.534122 0.60248065 0.589266 0.5078797 0.5264691 0.5679045 0.5706272 0.5884991 0.53161705 0.5044468 0.6014332 0.57546306 0.6013382 0.5603154 0.5582324 0.4967804 0.44995967 0.5305186 0.54252356 0.5637711 0.52473676 0.5166791 0.48677042 0.5715029 0.5402037 0.53678745	
 accuracy: 77.14%
precision: 80.00%
   recall: 92.31%
       F1: 85.71%
      AUC: 66.24%
*----------------------------------------------------------------------------------------------------------
ADC-P
<train_data>
1 1 1 1 0 0 1 0 1 0 1 0 0 0 1 0 1 1 1 0 0 1 1 1 1 1 0 1 1 0 1 1 1 1 0 0 0 0 1 0 1 1 0 0 1 1 0 1 1 0 1 1 1 1 0 1 1 0 0 1 0 0 1 0 1 1 1 1 1 1 0 0 0 1 0 1 1 0 1 1 1 1 0 1 1 1 1 0 1 0 1 1 0 0 1 1 0 0 1 1 1 0 1 1 1 1 0 1 1 1 1 1 0 1 1 0 0 0 1 1 1 1 1 1 1 1 0 0 1 0 1 1 0 1 1 0 1 1 1 1
1 1 1 1 0 0 1 0 1 0 1 0 0 0 1 0 1 1 1 0 0 1 1 1 1 1 0 1 1 0 1 1 1 1 0 0 0 0 1 0 1 1 0 0 1 1 0 1 1 0 1 1 1 1 0 1 1 0 0 1 0 0 1 0 1 1 1 1 1 1 0 0 0 1 0 1 1 0 1 1 1 1 0 1 1 1 1 0 1 0 1 1 0 0 1 1 1 0 1 1 1 0 1 1 1 1 0 1 1 1 1 1 0 1 1 0 0 0 1 1 1 1 1 1 1 1 0 0 1 0 1 1 0 1 1 0 1 1 1 1	
0.59793705 0.5422937 0.5723257 0.5973694 0.46368235 0.45380965 0.5826339 0.44915628 0.5951978 0.46212482 0.59652627 0.49046126 0.44638005 0.4422055 0.56900495 0.45488948 0.5980523 0.56396765 0.5905351 0.44990247 0.42654127 0.5549509 0.55892086 0.5761108 0.5784076 0.58579594 0.45388368 0.605469 0.5816276 0.4317193 0.58204204 0.5926698 0.559865 0.58385694 0.43607187 0.45497653 0.4485713 0.4776652 0.57433593 0.4258986 0.513613 0.6111954 0.44335303 0.43738744 0.5802489 0.5636083 0.43113413 0.5744739 0.57185876 0.4504769 0.60103875 0.61060166 0.6056984 0.5942922 0.4484838 0.5860094 0.60478044 0.42891833 0.44578362 0.5825043 0.46873263 0.47577927 0.5949753 0.4448388 0.5803878 0.57915723 0.59385484 0.5695857 0.5806436 0.59317327 0.44705337 0.45061165 0.44920564 0.5954903 0.47451827 0.6025892 0.5533613 0.48333213 0.56630933 0.5827765 0.56820774 0.59988964 0.43405464 0.57689834 0.58736885 0.59150934 0.556239 0.44513556 0.56664 0.44841248 0.5797662 0.5724022 0.4413274 0.45696893 0.5932212 0.5724159 0.5007381 0.45150548 0.5833549 0.5917494 0.5745204 0.43143374 0.59320784 0.5816686 0.5974458 0.5899292 0.45836622 0.5858476 0.5825139 0.59610957 0.56517494 0.57700884 0.45804167 0.60568357 0.5658549 0.44893485 0.43466714 0.44964406 0.572417 0.5872015 0.60042185 0.571102 0.60402244 0.58837456 0.5931782 0.6087943 0.46411964 0.4197022 0.59722084 0.48941413 0.60340095 0.54431075 0.4323984 0.5744293 0.59052825 0.4196935 0.6095631 0.5938428 0.5543723 0.60791516	
 accuracy: 99.29%
precision: 98.90%
   recall: 100.00%
       F1: 99.45%
      AUC: 100.00%

<test_data>
1 1 1 0 0 1 1 1 1 0 1 0 1 1 0 1 1 1 0 1 1 1 1 1 0 1 1 1 1 1 1 0 1 1 0	
0 1 1 1 1 0 1 1 1 1 1 1 1 1 1 1 1 0 1 1 1 1 1 0 1 1 1 1 1 1 0 0 1 1 1	
0.4740055 0.6010193 0.60751337 0.5600145 0.58418745 0.49910134 0.55042976 0.5798526 0.5389674 0.5550036 0.56108016 0.59997165 0.54773676 0.54596126 0.54645145 0.54964817 0.5535316 0.48438397 0.51451665 0.5818585 0.53843117 0.5864856 0.54993683 0.48981816 0.5341802 0.5834197 0.5469591 0.5562734 0.58977896 0.54764104 0.48359376 0.4767401 0.5262977 0.51199234 0.5391792	
 accuracy: 62.86%
precision: 72.41%
   recall: 80.77%
       F1: 76.36%
      AUC: 51.28%
*----------------------------------------------------------------------------------------------------------
DWI-P
<train_data>
1 1 1 1 0 0 1 0 1 0 1 0 0 0 1 0 1 1 1 0 0 1 1 1 1 1 0 1 1 0 1 1 1 1 0 0 0 0 1 0 1 1 0 0 1 1 0 1 1 0 1 1 1 1 0 1 1 0 0 1 0 0 1 0 1 1 1 1 1 1 0 0 0 1 0 1 1 0 1 1 1 1 0 1 1 1 1 0 1 0 1 1 0 0 1 1 0 0 1 1 1 0 1 1 1 1 0 1 1 1 1 1 0 1 1 0 0 0 1 1 1 1 1 1 1 1 0 0 1 0 1 1 0 1 1 0 1 1 1 1
1 1 1 1 0 0 1 0 1 0 1 0 0 0 1 0 1 1 1 0 0 1 1 1 1 1 0 1 1 0 1 1 1 1 0 0 0 0 1 0 1 1 0 0 1 1 0 1 1 0 1 1 1 1 0 1 1 0 0 1 0 0 1 0 1 1 1 1 1 1 0 0 0 1 0 1 1 0 1 1 1 1 0 1 1 1 1 0 1 0 1 1 0 0 1 1 0 0 1 1 1 0 1 1 1 1 0 1 1 1 1 1 0 1 1 0 0 0 1 1 1 1 1 1 1 1 0 0 1 0 1 1 0 1 1 0 1 1 1 1	
0.5819742 0.57704395 0.5972676 0.59086645 0.4389814 0.43713543 0.5808649 0.4573452 0.5985494 0.46367574 0.60082877 0.44716758 0.44122162 0.47480032 0.59091073 0.46817303 0.5811276 0.5909423 0.60414875 0.47343558 0.4483099 0.5605867 0.56269664 0.58944356 0.5810877 0.5949932 0.4291799 0.6050953 0.6042224 0.4544412 0.57482284 0.5693996 0.59434164 0.5970956 0.470217 0.44951177 0.45765793 0.4985054 0.55469936 0.4585559 0.583363 0.61866814 0.4390418 0.43501002 0.5685295 0.56578535 0.43500245 0.6031619 0.60091424 0.45994183 0.6038263 0.61169434 0.6021588 0.61102754 0.43707576 0.5737791 0.5997558 0.4371214 0.45042375 0.60513973 0.4566799 0.4636745 0.5755647 0.4764353 0.5781838 0.6111999 0.6053036 0.5690778 0.54925483 0.613452 0.44383118 0.4369569 0.44150075 0.5724762 0.4807569 0.5986363 0.5623739 0.46096104 0.6012256 0.5858463 0.5793713 0.59114826 0.43747512 0.60216206 0.58658487 0.60556805 0.5919381 0.45751446 0.60029715 0.43928438 0.56429714 0.5879878 0.4653903 0.42842072 0.5664776 0.5860899 0.44423503 0.43545845 0.5669665 0.58817923 0.57454485 0.4719561 0.5630309 0.5722478 0.5714113 0.5899451 0.47616887 0.5752848 0.6005862 0.5581904 0.52973866 0.57953084 0.47937873 0.5990691 0.5369021 0.46835807 0.46905154 0.46583533 0.5734756 0.59742045 0.5667245 0.578142 0.59683406 0.60840446 0.5837009 0.5811297 0.4414083 0.42776653 0.5986218 0.43465218 0.61268145 0.55685645 0.45136803 0.61194223 0.57745975 0.4300021 0.5874738 0.6105526 0.5640307 0.60861737	
 accuracy: 100.00%
precision: 100.00%
   recall: 100.00%
       F1: 100.00%
      AUC: 100.00%

<test_data>
1 1 1 0 0 1 1 1 1 0 1 0 1 1 0 1 1 1 0 1 1 1 1 1 0 1 1 1 1 1 1 0 1 1 0	
1 1 1 1 1 1 1 1 1 1 1 1 0 1 0 1 1 1 0 1 1 1 1 0 0 1 1 1 1 0 1 1 1 1 0	
0.50200015 0.55690914 0.59664124 0.58886474 0.504901 0.54364026 0.52501357 0.54368246 0.5629538 0.58611256 0.5403159 0.5976429 0.49887255 0.56308717 0.4692024 0.6074231 0.5740302 0.54950726 0.46099532 0.5972295 0.5464619 0.58378273 0.52474564 0.4749754 0.49501228 0.5618498 0.54431087 0.58012575 0.52755255 0.48163313 0.5332307 0.54705703 0.5634137 0.5205726 0.4753645	
 accuracy: 77.14%
precision: 82.14%
   recall: 88.46%
       F1: 85.19%
      AUC: 60.68%
*----------------------------------------------------------------------------------------------------------
T2WI+DWI-P
<train_data>
1 1 1 1 0 0 1 0 1 0 1 0 0 0 1 0 1 1 1 0 0 1 1 1 1 1 0 1 1 0 1 1 1 1 0 0 0 0 1 0 1 1 0 0 1 1 0 1 1 0 1 1 1 1 0 1 1 0 0 1 0 0 1 0 1 1 1 1 1 1 0 0 0 1 0 1 1 0 1 1 1 1 0 1 1 1 1 0 1 0 1 1 0 0 1 1 0 0 1 1 1 0 1 1 1 1 0 1 1 1 1 1 0 1 1 0 0 0 1 1 1 1 1 1 1 1 0 0 1 0 1 1 0 1 1 0 1 1 1 1
1 1 1 1 0 0 1 0 1 0 1 0 0 0 1 0 1 1 1 0 0 1 1 1 1 1 0 1 1 0 1 1 1 1 0 0 0 0 1 0 1 1 0 0 1 1 0 1 1 0 1 1 1 1 0 1 1 0 0 1 0 0 1 0 1 1 1 1 1 1 0 0 0 1 0 1 1 0 1 1 1 1 0 1 1 1 1 0 1 0 1 1 0 0 1 1 0 0 1 1 1 0 1 1 1 1 0 1 1 1 1 1 0 1 1 0 0 0 1 1 1 1 1 1 1 1 0 0 1 0 1 1 0 1 1 0 1 1 1 1	
0.5608358 0.55014336 0.60451066 0.58507806 0.44776165 0.43233463 0.56862766 0.44533944 0.6006553 0.47861388 0.6029477 0.47900173 0.45875716 0.43629304 0.55694747 0.43209755 0.5785364 0.6083767 0.579382 0.4385407 0.4559163 0.57681745 0.5819238 0.5961012 0.6045375 0.5971736 0.4544711 0.5896294 0.5763615 0.4374783 0.585337 0.5839759 0.55427116 0.6076661 0.49428385 0.45489404 0.44929615 0.46310747 0.5833584 0.43534198 0.60028774 0.58461887 0.43733653 0.43379465 0.59737676 0.58693445 0.43437675 0.596944 0.5895827 0.43765002 0.5864009 0.60772175 0.56831837 0.5806897 0.4335483 0.5776245 0.60957235 0.44320807 0.4509592 0.58432794 0.47725 0.43410155 0.5722165 0.4444124 0.5901422 0.59816027 0.5888458 0.6085164 0.569215 0.5883908 0.44647396 0.4577921 0.45674112 0.5784359 0.45001137 0.5584686 0.55372727 0.46830308 0.5725811 0.5994312 0.6131906 0.5732509 0.43279132 0.57233286 0.5798325 0.5753109 0.5955455 0.44639537 0.55277807 0.44417176 0.56068987 0.58769965 0.4365527 0.4494102 0.60745376 0.54254234 0.45905235 0.47125083 0.57648677 0.58598244 0.57393694 0.43952858 0.5762133 0.59140205 0.59326655 0.5866764 0.46638957 0.58644545 0.6014264 0.560177 0.6013137 0.6021914 0.440988 0.59599286 0.6063081 0.44738173 0.44193646 0.44764793 0.5982344 0.60487145 0.5956154 0.5992116 0.5993485 0.6066945 0.59618765 0.5710957 0.43928936 0.43275672 0.5940395 0.46174538 0.598557 0.55885947 0.44642442 0.58839047 0.589465 0.47568318 0.592752 0.609455 0.5726909 0.5873634	
 accuracy: 100.00%
precision: 100.00%
   recall: 100.00%
       F1: 100.00%
      AUC: 100.00%

<test_data>
1 1 1 0 0 1 1 1 1 0 1 0 1 1 0 1 1 1 0 1 1 1 1 1 0 1 1 1 1 1 1 0 1 1 0	
0 1 1 0 1 1 1 1 1 1 1 1 1 1 1 1 1 1 0 1 1 1 1 1 0 1 1 1 1 1 1 0 1 1 0	
0.49186495 0.50117666 0.5614334 0.46962684 0.5372307 0.5319158 0.568848 0.5398994 0.58834845 0.50438446 0.53595865 0.5577665 0.52861166 0.57685727 0.5668565 0.5983936 0.58749473 0.51647294 0.4721802 0.5531629 0.5117159 0.5629648 0.5611135 0.58166957 0.49362373 0.52307385 0.5233335 0.5338303 0.55445266 0.56924415 0.5399546 0.48948592 0.5853802 0.5423776 0.49541402	
 accuracy: 85.71%
precision: 86.21%
   recall: 96.15%
       F1: 90.91%
      AUC: 79.91%
*----------------------------------------------------------------------------------------------------------
ADC+DWI-P
<train_data>
1 1 1 1 0 0 1 0 1 0 1 0 0 0 1 0 1 1 1 0 0 1 1 1 1 1 0 1 1 0 1 1 1 1 0 0 0 0 1 0 1 1 0 0 1 1 0 1 1 0 1 1 1 1 0 1 1 0 0 1 0 0 1 0 1 1 1 1 1 1 0 0 0 1 0 1 1 0 1 1 1 1 0 1 1 1 1 0 1 0 1 1 0 0 1 1 0 0 1 1 1 0 1 1 1 1 0 1 1 1 1 1 0 1 1 0 0 0 1 1 1 1 1 1 1 1 0 0 1 0 1 1 0 1 1 0 1 1 1 1
1 1 1 1 0 0 1 0 1 0 1 0 0 0 1 0 1 1 1 0 0 1 1 1 1 1 0 1 1 0 1 1 1 1 0 0 0 0 1 0 1 1 0 0 1 1 0 1 1 0 1 1 1 1 0 1 1 0 0 1 0 0 1 0 1 1 1 1 1 1 0 0 0 1 0 1 1 0 1 1 1 1 0 1 1 1 1 0 1 0 1 1 0 0 1 1 0 0 1 1 1 0 1 1 1 1 0 1 1 1 1 1 0 1 1 0 0 0 1 1 1 1 1 1 1 1 0 0 1 0 1 1 0 1 1 0 1 1 1 1	
0.57968026 0.56437385 0.59256834 0.60188 0.47704133 0.42605427 0.59784716 0.46969217 0.590633 0.4285578 0.6065749 0.48419568 0.42760235 0.42216557 0.53091455 0.41678026 0.59445333 0.58486223 0.5957577 0.42119783 0.4634839 0.54431695 0.57776934 0.58728486 0.605971 0.566723 0.42146882 0.60221934 0.58539283 0.42183793 0.5970061 0.5878355 0.59632224 0.60285455 0.46407774 0.45982188 0.45703557 0.4473275 0.59138674 0.41837302 0.5898185 0.60645604 0.42468953 0.4338632 0.5874787 0.55946577 0.43706536 0.57174253 0.5929761 0.4429282 0.61080545 0.60539025 0.5808547 0.5936063 0.4494023 0.59242266 0.5982971 0.41549516 0.4159494 0.5603147 0.45630762 0.46480042 0.59206903 0.44244128 0.60215575 0.59411305 0.60475296 0.595076 0.59444034 0.60123074 0.41861874 0.4319029 0.45427236 0.59825736 0.48180696 0.5940281 0.5703447 0.48268235 0.55645293 0.5872231 0.6037698 0.60442317 0.4287688 0.5808025 0.57974505 0.5803379 0.5707303 0.44023147 0.5738549 0.4511632 0.5826324 0.5836918 0.44811094 0.48334855 0.60529643 0.58543724 0.49593478 0.4529575 0.5942024 0.58516675 0.60401154 0.42779875 0.59217197 0.5455191 0.5738063 0.5945712 0.43632248 0.5789965 0.6040565 0.60592186 0.5701265 0.59133196 0.42591676 0.5986456 0.551945 0.45877153 0.42173553 0.4272776 0.57568914 0.5813458 0.5831323 0.5962478 0.60532117 0.565945 0.5952119 0.6019035 0.43615493 0.42814997 0.58197373 0.49745598 0.60187864 0.54722923 0.43143433 0.5744355 0.5881104 0.4584321 0.59593225 0.6042543 0.5465761 0.59437704	
 accuracy: 100.00%
precision: 100.00%
   recall: 100.00%
       F1: 100.00%
      AUC: 100.00%

<test_data>
1 1 1 0 0 1 1 1 1 0 1 0 1 1 0 1 1 1 0 1 1 1 1 1 0 1 1 1 1 1 1 0 1 1 0	
1 1 1 1 1 1 1 1 1 0 1 1 1 1 1 1 1 1 0 0 1 1 1 1 1 1 1 1 1 0 1 0 1 0 1	
0.51450115 0.60218215 0.58449775 0.5779405 0.57130927 0.5528063 0.58107185 0.5162048 0.53959364 0.47155887 0.5553901 0.5874904 0.56730336 0.58765036 0.57177204 0.56957114 0.5198036 0.56526506 0.48515525 0.45107096 0.55390424 0.58721375 0.58146894 0.5027019 0.56655276 0.5892398 0.54962444 0.56840557 0.591011 0.49023947 0.52419204 0.44288975 0.53936774 0.4448487 0.50101703	
 accuracy: 74.29%
precision: 79.31%
   recall: 88.46%
       F1: 83.64%
      AUC: 58.12%
*----------------------------------------------------------------------------------------------------------
T2WI+ADC-P
<train_data>
1 1 1 1 0 0 1 0 1 0 1 0 0 0 1 0 1 1 1 0 0 1 1 1 1 1 0 1 1 0 1 1 1 1 0 0 0 0 1 0 1 1 0 0 1 1 0 1 1 0 1 1 1 1 0 1 1 0 0 1 0 0 1 0 1 1 1 1 1 1 0 0 0 1 0 1 1 0 1 1 1 1 0 1 1 1 1 0 1 0 1 1 0 0 1 1 0 0 1 1 1 0 1 1 1 1 0 1 1 1 1 1 0 1 1 0 0 0 1 1 1 1 1 1 1 1 0 0 1 0 1 1 0 1 1 0 1 1 1 1
1 1 1 1 0 0 1 0 1 0 1 0 0 0 1 0 1 1 1 0 0 1 1 1 1 1 0 1 1 0 1 1 1 1 0 0 0 0 1 0 1 1 0 0 1 1 0 1 1 0 1 1 1 1 0 1 1 0 0 1 0 0 1 0 1 1 1 1 1 1 0 0 0 1 0 1 1 0 1 1 1 1 0 1 1 1 1 0 1 0 1 1 0 0 1 1 0 0 1 1 1 0 1 1 1 1 0 1 1 1 1 1 0 1 1 0 0 0 1 1 1 1 1 1 1 1 0 0 1 0 1 1 0 1 1 0 1 1 1 1	
0.5983504 0.54759794 0.59558856 0.58129835 0.44067785 0.4369127 0.5677576 0.44328615 0.6017872 0.44283307 0.59240115 0.4960087 0.45093754 0.4365516 0.591523 0.4389236 0.585428 0.59918064 0.59504 0.43628094 0.44491166 0.56084883 0.5746459 0.5920993 0.60087585 0.567575 0.441256 0.6030615 0.5862769 0.43721148 0.56780577 0.58860767 0.5483812 0.5627927 0.45679155 0.45709702 0.44056612 0.4466958 0.5721086 0.433695 0.5937534 0.5984694 0.4402427 0.45567018 0.59848326 0.582825 0.4388711 0.59236383 0.59873235 0.43483415 0.58317864 0.60661894 0.5918036 0.576065 0.46396264 0.5842679 0.60371155 0.45801875 0.48470438 0.6028877 0.47579855 0.46038252 0.59590226 0.45674908 0.5891094 0.5908322 0.5924934 0.5901859 0.6000881 0.58175343 0.4685228 0.46611944 0.46436614 0.58343416 0.43840382 0.58305126 0.5500513 0.46154556 0.5934169 0.6013198 0.5857603 0.599833 0.44283625 0.5818377 0.57979184 0.57033646 0.59158623 0.47822228 0.54499257 0.43940154 0.5440878 0.57110715 0.44879487 0.44101468 0.5835692 0.5697447 0.47011057 0.45691904 0.5592367 0.5930245 0.57781214 0.4401508 0.57755196 0.5987764 0.6023078 0.59141445 0.4510798 0.6011357 0.6009023 0.5715675 0.58845586 0.5989109 0.45902744 0.59089226 0.5986496 0.45095813 0.4361882 0.46379837 0.5865093 0.5994764 0.58901453 0.5995815 0.60034484 0.5954205 0.5778368 0.5931771 0.44409204 0.43630674 0.57863206 0.45166656 0.59396005 0.5551344 0.4397432 0.59636736 0.58195996 0.45450845 0.6028325 0.60637575 0.55368733 0.60876626	
 accuracy: 100.00%
precision: 100.00%
   recall: 100.00%
       F1: 100.00%
      AUC: 100.00%

<test_data>
1 1 1 0 0 1 1 1 1 0 1 0 1 1 0 1 1 1 0 1 1 1 1 1 0 1 1 1 1 1 1 0 1 1 0	
0 0 1 0 1 1 1 1 1 1 1 1 1 1 1 1 1 1 1 1 0 1 1 1 1 0 1 1 1 1 0 0 1 1 1	
0.48175848 0.49616393 0.5845797 0.46515834 0.56866175 0.51981163 0.5664649 0.5558561 0.5717877 0.5613936 0.5455365 0.5010313 0.5363985 0.55765975 0.52418286 0.5742514 0.58456093 0.5388172 0.50077796 0.530526 0.48898444 0.58766 0.5678003 0.5474702 0.55654514 0.48684838 0.54562914 0.54491043 0.51049185 0.56641734 0.48502755 0.4730601 0.50619954 0.5571786 0.54470223	
 accuracy: 65.71%
precision: 75.00%
   recall: 80.77%
       F1: 77.78%
      AUC: 64.10%
*----------------------------------------------------------------------------------------------------------
T2WI+ADC+DWI-P
<train_data>
1 1 1 1 0 0 1 0 1 0 1 0 0 0 1 0 1 1 1 0 0 1 1 1 1 1 0 1 1 0 1 1 1 1 0 0 0 0 1 0 1 1 0 0 1 1 0 1 1 0 1 1 1 1 0 1 1 0 0 1 0 0 1 0 1 1 1 1 1 1 0 0 0 1 0 1 1 0 1 1 1 1 0 1 1 1 1 0 1 0 1 1 0 0 1 1 0 0 1 1 1 0 1 1 1 1 0 1 1 1 1 1 0 1 1 0 0 0 1 1 1 1 1 1 1 1 0 0 1 0 1 1 0 1 1 0 1 1 1 1
1 1 1 1 0 0 1 0 1 0 1 0 0 0 1 0 1 1 1 0 0 1 1 1 1 1 0 1 1 0 1 1 1 1 0 0 0 0 1 0 1 1 0 0 1 1 0 1 1 0 1 1 1 1 0 1 1 0 0 1 0 0 1 0 1 1 1 1 1 1 0 0 0 1 0 1 1 0 1 1 1 1 0 1 1 1 1 0 1 0 1 1 0 0 1 1 0 0 1 1 1 0 1 1 1 1 0 1 1 1 1 1 0 1 1 0 0 0 1 1 1 1 1 1 1 1 0 0 1 0 1 1 0 1 1 0 1 1 1 1	
0.57097703 0.55371267 0.5993953 0.5932919 0.4528463 0.43400094 0.56626594 0.45190254 0.5968098 0.46326208 0.5946649 0.4862623 0.45046023 0.4354609 0.56163365 0.43176293 0.59051406 0.60779977 0.5825237 0.43982536 0.4591155 0.57383937 0.58181506 0.596201 0.60843927 0.5831692 0.4451452 0.5986344 0.5862395 0.43734342 0.5903483 0.58698606 0.5558549 0.5765815 0.4763785 0.4430356 0.44133183 0.45300183 0.5865336 0.43438187 0.5984251 0.5911636 0.43504676 0.43661603 0.5951151 0.58715343 0.4361865 0.5975224 0.5950767 0.43796352 0.59257734 0.6080597 0.573551 0.58978194 0.43381417 0.58342755 0.61148095 0.44484115 0.45791885 0.5851147 0.48027834 0.44178405 0.5764799 0.44757548 0.58926606 0.5984854 0.6002594 0.60926723 0.5766195 0.59607685 0.4506216 0.46101698 0.45941463 0.5840247 0.44645303 0.57143706 0.558213 0.46348634 0.57432044 0.59770525 0.6056148 0.57771695 0.4342064 0.5766607 0.5852108 0.5606154 0.59481907 0.44737133 0.55380285 0.44245133 0.5665643 0.5732268 0.4350723 0.44826123 0.6054664 0.5450202 0.4623093 0.4718635 0.5812827 0.5897698 0.57915723 0.4384556 0.5701308 0.5970855 0.5960417 0.59072757 0.45790416 0.59255666 0.6061779 0.5563452 0.59523624 0.6063107 0.4479498 0.6051654 0.61044323 0.4475369 0.4408084 0.44894618 0.59201795 0.6029233 0.5983004 0.60593504 0.60491455 0.6050541 0.5981112 0.5828424 0.43439108 0.43094498 0.58655894 0.4517738 0.60189885 0.5611396 0.43890908 0.5933672 0.5914478 0.46951708 0.59115463 0.60863155 0.5651121 0.58798367	
 accuracy: 100.00%
precision: 100.00%
   recall: 100.00%
       F1: 100.00%
      AUC: 100.00%

<test_data>
1 1 1 0 0 1 1 1 1 0 1 0 1 1 0 1 1 1 0 1 1 1 1 1 0 1 1 1 1 1 1 0 1 1 0	
0 0 1 0 1 1 1 1 1 1 1 1 1 1 1 1 1 1 0 1 0 1 1 1 1 1 1 1 1 1 1 0 1 1 1	
0.49538806 0.49188864 0.58219916 0.48156804 0.5424302 0.5333358 0.5850542 0.5402175 0.5834748 0.5172913 0.5427071 0.52798194 0.54676676 0.5827844 0.5223488 0.6015886 0.58448976 0.53292817 0.4772633 0.55118877 0.4752461 0.5700121 0.5813524 0.572098 0.5134146 0.5225574 0.5269732 0.55406004 0.5243544 0.5773876 0.51174337 0.47667128 0.55375147 0.55701464 0.50337064	
 accuracy: 74.29%
precision: 79.31%
   recall: 88.46%
       F1: 83.64%
      AUC: 85.04%
*----------------------------------------------------------------------------------------------------------
