T2WI+ADC+DWI-P-PZ
<train_data>
1 1 1 1 0 0 1 0 1 0 1 0 0 0 1 0 1 1 1 0 0 1 1 1 1 1 0 1 1 0 1 1 1 1 0 0 0 0 1 0 1 1 0 0 1 1 0 1 1 0 1 1 1 1 0 1 1 0 0 1 0 0 1 0 1 1 1 1 1 1 0 0 0 1 0 1 1 0 1 1 1 1 0 1 1 1 1 0 1 0 1 1 0 0 1 1 0 0 1 1 1 0 1 1 1 1 0 1 1 1 1 1 0 1 1 0 0 0 1 1 1 1 1 1 1 1 0 0 1 0 1 1 0 1 1 0 1 1 1 1
1 1 1 1 0 0 1 0 1 0 1 0 0 0 1 0 1 1 1 0 0 1 1 1 1 1 0 1 1 0 1 1 1 1 0 0 0 0 1 0 1 1 0 0 1 1 0 1 1 0 1 1 1 1 0 1 1 0 0 1 0 0 1 0 1 1 1 1 1 1 0 0 0 1 0 1 1 0 1 1 1 1 0 1 1 1 1 0 1 0 1 1 0 0 1 1 0 0 1 1 1 0 1 1 1 1 0 1 1 1 1 1 0 1 1 0 0 0 1 1 1 1 1 1 1 1 0 0 1 0 1 1 0 1 1 0 1 1 1 1
0.57097703 0.55371267 0.5993953 0.5932919 0.4528463 0.43400094 0.56626594 0.45190254 0.5968098 0.46326208 0.5946649 0.4862623 0.45046023 0.4354609 0.56163365 0.43176293 0.59051406 0.60779977 0.5825237 0.43982536 0.4591155 0.57383937 0.58181506 0.596201 0.60843927 0.5831692 0.4451452 0.5986344 0.5862395 0.43734342 0.5903483 0.58698606 0.5558549 0.5765815 0.4763785 0.4430356 0.44133183 0.45300183 0.5865336 0.43438187 0.5984251 0.5911636 0.43504676 0.43661603 0.5951151 0.58715343 0.4361865 0.5975224 0.5950767 0.43796352 0.59257734 0.6080597 0.573551 0.58978194 0.43381417 0.58342755 0.61148095 0.44484115 0.45791885 0.5851147 0.48027834 0.44178405 0.5764799 0.44757548 0.58926606 0.5984854 0.6002594 0.60926723 0.5766195 0.59607685 0.4506216 0.46101698 0.45941463 0.5840247 0.44645303 0.57143706 0.558213 0.46348634 0.57432044 0.59770525 0.6056148 0.57771695 0.4342064 0.5766607 0.5852108 0.5606154 0.59481907 0.44737133 0.55380285 0.44245133 0.5665643 0.5732268 0.4350723 0.44826123 0.6054664 0.5450202 0.4623093 0.4718635 0.5812827 0.5897698 0.57915723 0.4384556 0.5701308 0.5970855 0.5960417 0.59072757 0.45790416 0.59255666 0.6061779 0.5563452 0.59523624 0.6063107 0.4479498 0.6051654 0.61044323 0.4475369 0.4408084 0.44894618 0.59201795 0.6029233 0.5983004 0.60593504 0.60491455 0.6050541 0.5981112 0.5828424 0.43439108 0.43094498 0.58655894 0.4517738 0.60189885 0.5611396 0.43890908 0.5933672 0.5914478 0.46951708 0.59115463 0.60863155 0.5651121 0.58798367
 accuracy: 100.00%
precision: 100.00%
   recall: 100.00%
       F1: 100.00%
      AUC: 100.00%

<test_data>
1 1 1 1 1 1 1 0 0 1 0 0 0 1 1 1 1 0 0 1 0 0 0 0 0 1 1 1 0 1 0 1 1 1 0 1 1 0 0 0 1 1 0 1 1 1 1 0 1 1 1 1 1 1 1 0 1 0 1 1 1 1 1 1 1 1 1 1 1 1 0 1 1 1 1 1 0 1 1 1 1 1 1 1 1 0 1 0 1 1 0 1 1 1 1 1 1 1 1 1 1 1 1 1 1
1 1 1 1 1 1 1 0 0 1 1 1 0 1 1 1 1 1 1 0 0 0 1 1 0 0 1 1 1 1 0 1 1 1 1 1 1 1 1 0 1 1 1 1 1 1 1 1 1 1 1 1 1 1 1 0 1 0 1 1 1 1 1 1 1 1 1 1 1 1 0 1 1 1 1 1 0 1 0 1 1 1 1 1 1 1 1 1 1 0 0 1 1 1 1 1 1 1 1 1 1 1 1 1 1
0.53311324 0.5718455 0.56158537 0.5652902 0.57285756 0.5658379 0.5242241 0.47391337 0.44425634 0.51204795 0.5031297 0.5883817 0.49202055 0.58465284 0.5273854 0.5828046 0.57488465 0.54690635 0.5153266 0.48773098 0.44664234 0.4631072 0.5237878 0.5004565 0.4517806 0.4787579 0.515922 0.54899114 0.5191031 0.60269827 0.46726632 0.5091245 0.55598915 0.60373366 0.51205987 0.5661575 0.58884704 0.55516094 0.51722026 0.49125975 0.5731577 0.5858641 0.5658571 0.59597284 0.59964705 0.581855 0.58128774 0.57711613 0.5605001 0.5786098 0.5302862 0.5688787 0.5962981 0.54637045 0.590038 0.48464411 0.5983045 0.47895575 0.592978 0.56997997 0.50736487 0.5795833 0.5974334 0.5743501 0.52920854 0.57935494 0.58885145 0.5445096 0.54040325 0.6088501 0.4717258 0.54654336 0.58713853 0.59086394 0.5495954 0.585324 0.44829533 0.5856526 0.4869152 0.5892165 0.5399108 0.59815603 0.54953957 0.57491386 0.5726701 0.5731877 0.5198944 0.54141897 0.5060787 0.49475217 0.49136996 0.5942211 0.5983083 0.55937946 0.6021822 0.5105666 0.57140523 0.5663654 0.58869165 0.5611485 0.5461212 0.5459948 0.5801492 0.59044456 0.575554
 accuracy: 82.86%
precision: 84.09%
   recall: 94.87%
       F1: 89.16%
      AUC: 85.09%
*----------------------------------------------------------------------------------------------------------
T2WI+ADC+DWI-P-TZ
<train_data>
1 1 1 1 0 0 1 0 1 0 1 0 0 0 1 0 1 1 1 0 0 1 1 1 1 1 0 1 1 0 1 1 1 1 0 0 0 0 1 0 1 1 0 0 1 1 0 1 1 0 1 1 1 1 0 1 1 0 0 1 0 0 1 0 1 1 1 1 1 1 0 0 0 1 0 1 1 0 1 1 1 1 0 1 1 1 1 0 1 0 1 1 0 0 1 1 0 0 1 1 1 0 1 1 1 1 0 1 1 1 1 1 0 1 1 0 0 0 1 1 1 1 1 1 1 1 0 0 1 0 1 1 0 1 1 0 1 1 1 1
1 1 1 1 0 0 1 0 1 0 1 0 0 0 1 0 1 1 1 0 0 1 1 1 1 1 0 1 1 0 1 1 1 1 0 0 0 0 1 0 1 1 0 0 1 1 0 1 1 0 1 1 1 1 0 1 1 0 0 1 0 0 1 0 1 1 1 1 1 1 0 0 0 1 0 1 1 0 1 1 1 1 0 1 1 1 1 0 1 0 1 1 0 0 1 1 0 0 1 1 1 0 1 1 1 1 0 1 1 1 1 1 0 1 1 0 0 0 1 1 1 1 1 1 1 1 0 0 1 0 1 1 0 1 1 0 1 1 1 1
0.57097703 0.55371267 0.5993953 0.5932919 0.4528463 0.43400094 0.56626594 0.45190254 0.5968098 0.46326208 0.5946649 0.4862623 0.45046023 0.4354609 0.56163365 0.43176293 0.59051406 0.60779977 0.5825237 0.43982536 0.4591155 0.57383937 0.58181506 0.596201 0.60843927 0.5831692 0.4451452 0.5986344 0.5862395 0.43734342 0.5903483 0.58698606 0.5558549 0.5765815 0.4763785 0.4430356 0.44133183 0.45300183 0.5865336 0.43438187 0.5984251 0.5911636 0.43504676 0.43661603 0.5951151 0.58715343 0.4361865 0.5975224 0.5950767 0.43796352 0.59257734 0.6080597 0.573551 0.58978194 0.43381417 0.58342755 0.61148095 0.44484115 0.45791885 0.5851147 0.48027834 0.44178405 0.5764799 0.44757548 0.58926606 0.5984854 0.6002594 0.60926723 0.5766195 0.59607685 0.4506216 0.46101698 0.45941463 0.5840247 0.44645303 0.57143706 0.558213 0.46348634 0.57432044 0.59770525 0.6056148 0.57771695 0.4342064 0.5766607 0.5852108 0.5606154 0.59481907 0.44737133 0.55380285 0.44245133 0.5665643 0.5732268 0.4350723 0.44826123 0.6054664 0.5450202 0.4623093 0.4718635 0.5812827 0.5897698 0.57915723 0.4384556 0.5701308 0.5970855 0.5960417 0.59072757 0.45790416 0.59255666 0.6061779 0.5563452 0.59523624 0.6063107 0.4479498 0.6051654 0.61044323 0.4475369 0.4408084 0.44894618 0.59201795 0.6029233 0.5983004 0.60593504 0.60491455 0.6050541 0.5981112 0.5828424 0.43439108 0.43094498 0.58655894 0.4517738 0.60189885 0.5611396 0.43890908 0.5933672 0.5914478 0.46951708 0.59115463 0.60863155 0.5651121 0.58798367
 accuracy: 100.00%
precision: 100.00%
   recall: 100.00%
       F1: 100.00%
      AUC: 100.00%

<test_data>
1 1 0 1 1 0 1 1 0 0 1 1 1 1 1 1 0 0 0 0 0 0 1 1 1 0 1 1 1 0 0 0 1 1 0 1 1 1 1 0 1 1 0 0 1 1 1 0 0 1 1 1 1 1 0 1 1 1 0 0 0 0 1 0 0 0 0 0 0 0
1 1 0 1 1 1 1 1 0 0 0 1 1 1 1 1 1 1 0 1 0 1 1 1 1 1 1 1 1 1 0 1 0 1 0 0 0 1 1 0 1 1 1 1 1 1 1 0 0 1 1 1 0 1 0 1 1 1 0 1 0 0 1 0 1 0 0 0 1 0
0.59863424 0.5551832 0.4862623 0.5859864 0.5953109 0.55930835 0.55178046 0.55894357 0.45561716 0.49833107 0.4933292 0.5034382 0.56068337 0.57515 0.57159823 0.53685623 0.5281045 0.5182822 0.4591773 0.552024 0.4300139 0.5469874 0.5569968 0.5521182 0.58623487 0.54006594 0.5714207 0.58836955 0.5456597 0.5549669 0.47948417 0.5273716 0.46458778 0.5759723 0.44568053 0.48080155 0.49403456 0.55180615 0.5837979 0.46545362 0.58646345 0.5756932 0.514322 0.5035473 0.56218475 0.60446674 0.5956158 0.44334766 0.4882616 0.5112999 0.54900366 0.57621807 0.49958336 0.57491815 0.48455968 0.576312 0.5321868 0.54284054 0.48350358 0.513322 0.47960126 0.45819053 0.53728884 0.46606693 0.52478296 0.4791474 0.45711103 0.4712312 0.5238616 0.47310108
 accuracy: 74.29%
precision: 71.74%
   recall: 86.84%
       F1: 78.57%
      AUC: 87.99%
*----------------------------------------------------------------------------------------------------------
T2WI+ADC+DWI-PP
<train_data>
1 0 0 0 1 1 1 1 1 1 1 1 1 0 1 1 1 1 1 0 0 0 1 0 1 1 1 1 0 0 1 0 1 0 0 0 1 1 1 1 0 1 1 1 0 1 1 1 1 1 1 1 1 1 1 1 1 0 1 0 1 1 1 1 0 1 1 1 1 1 1 1 1 1 1 1 1 1 1 1 1 1 1 1
1 1 0 0 1 1 1 1 1 1 1 1 1 0 1 1 1 1 1 0 0 1 1 0 1 1 1 1 0 0 1 0 1 1 0 0 1 1 1 1 1 1 1 1 0 1 1 1 1 1 1 1 1 1 1 1 1 0 1 0 1 1 1 1 0 1 1 1 1 1 1 1 1 1 1 1 1 1 1 1 1 1 1 1
0.6021103 0.5037991 0.44013652 0.47553778 0.60989267 0.6015181 0.6106353 0.6096564 0.5833933 0.60888964 0.59022135 0.5922705 0.602368 0.46116024 0.5870952 0.6094362 0.6101567 0.5689974 0.6041495 0.49457452 0.4394577 0.51196796 0.60570544 0.4584897 0.605588 0.57172084 0.60341513 0.5867182 0.4418496 0.43705887 0.60677093 0.44624186 0.61250955 0.53163385 0.44022352 0.46250692 0.6112055 0.604155 0.6097979 0.54887193 0.5059851 0.6071342 0.6126341 0.5959582 0.44359437 0.57982427 0.61088926 0.6084343 0.6097102 0.6146313 0.60879135 0.61083573 0.5845468 0.6122745 0.6054526 0.61319613 0.61100626 0.4502201 0.58993137 0.44160414 0.5965464 0.59846234 0.5424652 0.61227024 0.4590938 0.5881216 0.5606876 0.60868317 0.57485366 0.61240596 0.61242026 0.60294294 0.6130886 0.60604054 0.5680663 0.5882768 0.61142397 0.60781586 0.6114455 0.61495346 0.6112076 0.5615328 0.60048413 0.54489475
 accuracy: 95.24%
precision: 94.20%
   recall: 100.00%
       F1: 97.01%
      AUC: 100.00%

<test_data>
1 0 1 0 1 0 1 1 1 0 1 0 1 1 1 1 1 0 1 0 0
1 0 1 1 1 1 1 1 1 1 0 1 1 1 1 1 1 1 1 1 0
0.55118245 0.47079933 0.6091171 0.5513115 0.6096488 0.58274686 0.6087844 0.5869678 0.5588543 0.5199978 0.45409963 0.5690427 0.5267842 0.6028875 0.6166785 0.584925 0.53743273 0.58918643 0.59936935 0.52865064 0.49605566
 accuracy: 66.67%
precision: 66.67%
   recall: 92.31%
       F1: 77.42%
      AUC: 75.00%
*----------------------------------------------------------------------------------------------------------
T2WI+ADC+DWI-TP
<train_data>
1 0 0 1 1 0 1 0 0 1 1 0 0 0 1 1 1 1 0 0 0 1 1 1 1 0 1 1 1 1 0 0 1 0 0 0 0 1 1 0 0 0 0 1 0 1 1 1 0 1 1 1 1 1 1 1
1 0 0 1 1 0 1 0 0 1 1 0 0 0 1 1 1 1 0 0 0 1 1 1 1 0 1 1 1 1 0 0 1 0 0 1 0 1 1 0 0 0 0 1 0 1 1 1 0 1 1 1 1 1 1 1
0.5025123 0.49860752 0.49886283 0.5024422 0.5025126 0.49859372 0.5019017 0.49844447 0.49807826 0.5024507 0.5001258 0.49810115 0.49829304 0.49977076 0.5032293 0.5018362 0.5022305 0.5020296 0.49852908 0.4979537 0.49893403 0.50065017 0.50185037 0.5011564 0.50193524 0.49767584 0.5016278 0.5020334 0.5016439 0.502233 0.49805957 0.49922195 0.5028743 0.4981095 0.49766433 0.5018256 0.4975525 0.5027654 0.5023183 0.4986147 0.4989721 0.49903414 0.49951243 0.5025464 0.49847007 0.5015897 0.5025125 0.5027654 0.49800846 0.50203365 0.5026318 0.5008913 0.5022151 0.5020095 0.50168735 0.5025053
 accuracy: 98.21%
precision: 96.97%
   recall: 100.00%
       F1: 98.46%
      AUC: 98.96%

<test_data>
1 0 1 1 0 0 0 1 1 0 1 0 0 0
1 1 1 1 1 0 0 0 1 1 1 1 1 1
0.5032293 0.5005713 0.5005716 0.50142837 0.5009789 0.4997842 0.49922717 0.499824 0.50186116 0.5012372 0.5024507 0.50164765 0.5031054 0.50115895
 accuracy: 50.00%
precision: 45.45%
   recall: 83.33%
       F1: 58.82%
      AUC: 68.75%
*----------------------------------------------------------------------------------------------------------
